labels 0 1 -1
-1 0.155387 0.194859 0.649754
-1 0.16749 0.16059 0.67192
-1 0.208777 0.210372 0.580851
-1 0.191331 0.275892 0.532777
-1 0.151692 0.349245 0.499063
-1 0.165658 0.314054 0.520288
0 0.358183 0.349673 0.292144
1 0.367737 0.432111 0.200152
0 0.487077 0.331075 0.181848
1 0.335145 0.510379 0.154476
1 0.286773 0.668758 0.0444697
1 0.377541 0.576904 0.0455547
1 0.328062 0.598787 0.073151
1 0.279993 0.641378 0.0786282
1 0.217265 0.735122 0.0476125
1 0.172131 0.767941 0.0599285
1 0.237589 0.715668 0.0467423
1 0.332303 0.564698 0.102999
0 0.488678 0.432729 0.0785934
0 0.667775 0.214086 0.118139
0 0.690526 0.200006 0.109468
0 0.71178 0.207721 0.0804992
0 0.631768 0.311397 0.0568357
0 0.579176 0.378091 0.0427329
0 0.665766 0.27824 0.0559941
0 0.660527 0.272403 0.0670704
0 0.731728 0.157641 0.110631
0 0.751858 0.146288 0.101854
0 0.71327 0.15643 0.130301
0 0.753432 0.129224 0.117344
0 0.6206 0.124128 0.255271
0 0.701786 0.100673 0.19754
0 0.68557 0.14459 0.169839
0 0.712563 0.0870231 0.200414
0 0.644021 0.0893613 0.266617
0 0.558426 0.116277 0.325298
0 0.58253 0.165917 0.251553
0 0.616701 0.0911132 0.292186
0 0.568852 0.127881 0.303267
0 0.639325 0.0459194 0.314755
0 0.520626 0.0803565 0.399018
0 0.576618 0.0734314 0.34995
0 0.548224 0.0981576 0.353618
-1 0.429185 0.138385 0.43243
-1 0.331882 0.266854 0.401265
-1 0.265365 0.228343 0.506292
-1 0.255145 0.259984 0.484871
-1 0.315081 0.107061 0.577859
-1 0.140222 0.215618 0.64416
-1 0.0967614 0.199196 0.704043
-1 0.106396 0.112951 0.780653
-1 0.11116 0.0832337 0.805607
-1 0.140117 0.0885183 0.771365
-1 0.072329 0.044378 0.883293
-1 0.0667373 0.0206993 0.912563
-1 0.132643 0.0363027 0.831055
-1 0.189609 0.0690311 0.74136
-1 0.157386 0.0325429 0.810071
-1 0.176727 0.064403 0.75887
-1 0.222393 0.10791 0.669698
-1 0.24348 0.103984 0.652536
-1 0.183173 0.0430007 0.773826
-1 0.299105 0.120704 0.580192
-1 0.263661 0.0565791 0.67976
-1 0.21504 0.0482542 0.736706
-1 0.127457 0.0784681 0.794075
-1 0.179681 0.108557 0.711762
-1 0.120305 0.050006 0.829689
-1 0.155081 0.0396021 0.805317
-1 0.146722 0.0365548 0.816723
-1 0.11826 0.0315321 0.850208
-1 0.11837 0.0336849 0.847945
-1 0.15628 0.0254115 0.818309
-1 0.200361 0.0230136 0.776625
-1 0.20939 0.0300111 0.760599
-1 0.202855 0.0286455 0.768499
-1 0.243009 0.034547 0.722444
-1 0.3697 0.0686887 0.561611
0 0.450244 0.113498 0.436258
-1 0.394106 0.2058 0.400095
0 0.438202 0.209694 0.352104
0 0.582925 0.163011 0.254064
0 0.557736 0.286275 0.155989
0 0.586717 0.33876 0.0745224
0 0.640097 0.271426 0.0884769
0 0.563926 0.395957 0.0401168
0 0.669685 0.302405 0.02791
0 0.703096 0.265721 0.0311832
0 0.619439 0.34903 0.031531
0 0.612116 0.368057 0.019827
0 0.641203 0.330511 0.0282864
0 0.6637 0.30307 0.0332293
0 0.538428 0.434937 0.0266349
0 0.599452 0.369007 0.0315406
0 0.736758 0.220904 0.0423378
1 0.384299 0.55375 0.0619513
1 0.370412 0.584865 0.0447229
0 0.598695 0.284744 0.116561
1 0.256102 0.660892 0.0830069
1 0.366039 0.570716 0.0632454
0 0.497024 0.208918 0.294058
0 0.435294 0.286834 0.277873
0 0.574984 0.235536 0.18948
-1 0.38037 0.173333 0.446297
-1 0.18455 0.247605 0.567845
-1 0.262458 0.307104 0.430438
-1 0.216083 0.182194 0.601722
-1 0.229988 0.25776 0.512253
-1 0.281696 0.233918 0.484385
-1 0.184234 0.109273 0.706493
-1 0.137092 0.0626608 0.800247
-1 0.178981 0.0571486 0.763871
-1 0.124307 0.0437026 0.83199
-1 0.135197 0.0601958 0.804608
-1 0.262608 0.0314708 0.705921
-1 0.440343 0.0554175 0.504239
0 0.578018 0.0520523 0.36993
0 0.598953 0.0508787 0.350168
0 0.66164 0.0540101 0.28435
0 0.7443 0.093212 0.162488
0 0.685794 0.126811 0.187395
0 0.600367 0.199173 0.20046
0 0.60458 0.209549 0.185871
0 0.58795 0.21372 0.19833
0 0.53354 0.261863 0.204597
0 0.577617 0.179799 0.242584
0 0.568504 0.160878 0.270618
0 0.523029 0.193126 0.283846
0 0.399378 0.227325 0.373296
0 0.430578 0.21484 0.354582
0 0.47749 0.102263 0.420246
1 0.340238 0.352465 0.307297
-1 0.345711 0.125512 0.528777
-1 0.33968 0.0462675 0.614052
-1 0.374716 0.0652467 0.560037
0 0.511461 0.0511254 0.437414
-1 0.285558 0.029142 0.6853
-1 0.29112 0.0470424 0.661837
-1 0.396411 0.170917 0.432671
-1 0.294577 0.125266 0.580157
-1 0.246306 0.205641 0.548053
-1 0.288964 0.236276 0.47476
-1 0.278367 0.0748755 0.646757
-1 0.178279 0.0919338 0.729787
-1 0.178631 0.0416508 0.779718
-1 0.193352 0.0412863 0.765362
-1 0.0999766 0.0232956 0.876728
-1 0.141907 0.0311878 0.826906
-1 0.125984 0.022123 0.851893
-1 0.157119 0.0342659 0.808616
-1 0.145517 0.0319939 0.822489
-1 0.145825 0.0573688 0.796806
-1 0.130373 0.116964 0.752663
-1 0.177775 0.167231 0.654994
-1 0.115065 0.0670277 0.817908
-1 0.221587 0.0633509 0.715062
-1 0.270479 0.10015 0.629371
-1 0.364684 0.0603209 0.574995
-1 0.330101 0.0736174 0.596282
-1 0.401358 0.131311 0.467331
0 0.477923 0.203672 0.318405
-1 0.389075 0.168438 0.442487
-1 0.332693 0.132902 0.534406
-1 0.349699 0.119794 0.530507
-1 0.335775 0.0935516 0.570673
0 0.443471 0.184229 0.3723
-1 0.394745 0.133901 0.471354
0 0.42454 0.227016 0.348444
0 0.430806 0.346304 0.22289
0 0.52134 0.336767 0.141893
0 0.412948 0.313 0.274051
0 0.442381 0.421963 0.135656
0 0.515577 0.216238 0.268185
0 0.431801 0.275758 0.292441
0 0.431926 0.250969 0.317106
0 0.509691 0.232482 0.257827
-1 0.309497 0.329411 0.361092
0 0.421278 0.262949 0.315773
-1 0.337435 0.246973 0.415593
1 0.157562 0.63529 0.207147
1 0.171075 0.573215 0.25571
1 0.166964 0.417348 0.415689
1 0.197993 0.451046 0.350961
-1 0.222339 0.372392 0.405269
-1 0.112603 0.207424 0.679972
-1 0.122761 0.0881166 0.789123
-1 0.129372 0.0510267 0.819602
-1 0.147184 0.122166 0.73065
-1 0.164123 0.132639 0.703237
-1 0.176205 0.0738898 0.749905
-1 0.193872 0.0856254 0.720503
-1 0.308751 0.138388 0.552861
-1 0.190733 0.174014 0.635254
-1 0.127233 0.163105 0.709661
-1 0.0736224 0.0616777 0.8647
-1 0.0901464 0.0507548 0.859099
-1 0.0734984 0.0173736 0.909128
-1 0.0307135 0.0119357 0.957351
-1 0.0185042 0.00490174 0.976594
-1 0.0229242 0.00438311 0.972693
-1 0.0262752 0.0328478 0.940877
-1 0.0233032 0.00857285 0.968124
-1 0.0150015 0.00525124 0.979747
-1 0.0204432 0.00648269 0.973074
-1 0.0372709 0.00717957 0.95555
-1 0.0198975 0.00404492 0.976058
-1 0.0553998 0.00826967 0.936331
-1 0.0713463 0.0138781 0.914776
-1 0.136211 0.0606573 0.803132
-1 0.182265 0.101907 0.715827
-1 0.191493 0.0854073 0.7231
-1 0.33049 0.152926 0.516584
0 0.581074 0.146803 0.272124
0 0.543841 0.119454 0.336706
0 0.487656 0.172261 0.340083
0 0.491035 0.235151 0.273813
0 0.520552 0.141579 0.337869
0 0.502925 0.160619 0.336456
0 0.65868 0.124256 0.217064
0 0.591807 0.0722343 0.335959
0 0.496081 0.117547 0.386373
0 0.63135 0.116273 0.252377
0 0.715481 0.108012 0.176506
0 0.645639 0.234806 0.119555
0 0.645602 0.291508 0.0628899
0 0.446956 0.442321 0.110722
0 0.506608 0.340722 0.15267
0 0.501545 0.348646 0.149809
1 0.358218 0.487447 0.154335
0 0.348294 0.312332 0.339375
-1 0.22186 0.18665 0.59149
-1 0.204415 0.116005 0.67958
-1 0.267027 0.0958326 0.63714
-1 0.166566 0.0351776 0.798256
