labels 0 1 -1
0 0.587749 0.179749 0.232502
0 0.578142 0.18094 0.240917
0 0.580017 0.184257 0.235726
0 0.594155 0.166551 0.239294
0 0.573841 0.171345 0.254814
0 0.583942 0.173941 0.242117
0 0.600077 0.162079 0.237844
0 0.573518 0.172766 0.253716
0 0.528956 0.181728 0.289317
0 0.493669 0.198302 0.308029
0 0.481231 0.207887 0.310882
0 0.488555 0.193329 0.318116
0 0.396024 0.277155 0.326821
0 0.391938 0.267293 0.340769
0 0.387633 0.260582 0.351786
0 0.35565 0.313133 0.331217
0 0.414069 0.266427 0.319504
0 0.373425 0.296226 0.330349
0 0.361222 0.296569 0.342209
0 0.359661 0.308008 0.332331
0 0.338361 0.335303 0.326336
0 0.352705 0.31819 0.329105
-1 0.317795 0.334401 0.347804
0 0.353049 0.307917 0.339034
0 0.400943 0.286107 0.31295
0 0.451429 0.241192 0.307379
0 0.494737 0.216598 0.288665
0 0.476782 0.228122 0.295095
0 0.442852 0.266641 0.290507
0 0.463022 0.246808 0.290169
0 0.489065 0.225784 0.285151
0 0.503791 0.23621 0.259999
0 0.551903 0.195471 0.252625
0 0.536707 0.208124 0.255169
0 0.539674 0.204417 0.255908
0 0.563693 0.193125 0.243182
0 0.582928 0.18709 0.229982
0 0.590375 0.183257 0.226368
0 0.581925 0.188989 0.229086
0 0.582147 0.186202 0.231651
0 0.570965 0.188579 0.240455
0 0.57001 0.180068 0.249922
0 0.586662 0.168933 0.244406
0 0.59703 0.173384 0.229586
0 0.608988 0.167068 0.223944
0 0.60106 0.169097 0.229843
0 0.584053 0.177873 0.238074
0 0.58633 0.177827 0.235843
0 0.594633 0.174889 0.230478
0 0.602179 0.170867 0.226954
0 0.603285 0.172335 0.224379
0 0.610273 0.168866 0.220862
0 0.608692 0.165997 0.225312
0 0.603008 0.169125 0.227866
0 0.611497 0.170946 0.217558
0 0.622987 0.165366 0.211647
0 0.62574 0.16786 0.2064
0 0.618757 0.169524 0.211719
0 0.610812 0.171213 0.217975
0 0.611847 0.172209 0.215944
0 0.617342 0.165528 0.217131
0 0.613841 0.16488 0.221279
0 0.61864 0.16772 0.21364
0 0.624 0.163107 0.212893
0 0.590121 0.169736 0.240142
0 0.544131 0.179646 0.276223
0 0.529173 0.181169 0.289659
0 0.543517 0.186371 0.270112
0 0.588122 0.160579 0.251299
0 0.602266 0.154259 0.243475
0 0.593693 0.170514 0.235792
0 0.588572 0.162363 0.249065
0 0.560625 0.182581 0.256794
0 0.540332 0.188631 0.271037
0 0.537564 0.181368 0.281068
0 0.499839 0.20788 0.29228
0 0.491876 0.208117 0.300007
0 0.441932 0.238361 0.319707
0 0.431143 0.233861 0.334996
0 0.416168 0.260005 0.323827
0 0.434938 0.258827 0.306235
0 0.483936 0.210115 0.305949
0 0.487217 0.210187 0.302596
0 0.497177 0.215925 0.286899
0 0.485191 0.222481 0.292328
0 0.477465 0.213167 0.309369
0 0.429354 0.231046 0.3396
0 0.371861 0.301207 0.326931
0 0.399341 0.281263 0.319397
0 0.415653 0.273032 0.311315
1 0.34694 0.347079 0.305981
0 0.410877 0.295861 0.293262
0 0.426107 0.274425 0.299468
0 0.398833 0.31106 0.290106
0 0.493009 0.229489 0.277501
0 0.481915 0.23293 0.285155
0 0.437726 0.26493 0.297344
0 0.482504 0.236094 0.281402
0 0.485236 0.241309 0.273455
0 0.48786 0.239739 0.272401
0 0.487671 0.233035 0.279295
0 0.441939 0.271011 0.287051
0 0.484523 0.242898 0.272579
0 0.521576 0.221886 0.256538
0 0.554697 0.20081 0.244493
0 0.580051 0.173968 0.245981
0 0.563072 0.179761 0.257168
0 0.547344 0.196858 0.255799
0 0.566821 0.188159 0.24502
0 0.579477 0.18359 0.236934
0 0.587756 0.180176 0.232068
0 0.589596 0.179511 0.230892
0 0.580719 0.179989 0.239292
0 0.583393 0.176476 0.240131
0 0.565422 0.190054 0.244524
0 0.563665 0.180889 0.255446
0 0.533252 0.201023 0.265725
0 0.547473 0.190309 0.262218
0 0.578806 0.172048 0.249146
0 0.594416 0.164558 0.241025
0 0.594947 0.165938 0.239116
0 0.589867 0.164275 0.245858
0 0.596522 0.169262 0.234216
0 0.59094 0.181652 0.227408
0 0.598623 0.181515 0.219863
0 0.60688 0.175675 0.217444
0 0.614444 0.171679 0.213877
0 0.615074 0.172734 0.212193
0 0.614286 0.163804 0.22191
0 0.604209 0.166984 0.228807
0 0.602016 0.167746 0.230237
0 0.596887 0.168381 0.234731
0 0.60505 0.168272 0.226678
0 0.620316 0.165883 0.213801
0 0.621288 0.167289 0.211423
0 0.620076 0.167077 0.212847
0 0.616889 0.17123 0.21188
0 0.620587 0.168056 0.211358
0 0.625558 0.164309 0.210133
0 0.62717 0.169547 0.203284
0 0.633685 0.165178 0.201136
0 0.625197 0.169973 0.20483
0 0.618634 0.170526 0.21084
0 0.623639 0.166964 0.209397
0 0.624023 0.169112 0.206866
0 0.615186 0.163346 0.221468
0 0.590209 0.165634 0.244157
0 0.583527 0.168767 0.247705
0 0.604055 0.157697 0.238248
0 0.60145 0.155983 0.242566
0 0.581045 0.160528 0.258427
0 0.564526 0.177596 0.257879
0 0.574413 0.176426 0.249161
0 0.602625 0.167629 0.229746
0 0.604077 0.16849 0.227433
0 0.561044 0.18307 0.255886
0 0.525479 0.192315 0.282206
0 0.499157 0.20897 0.291873
0 0.521282 0.211655 0.267063
0 0.54253 0.194861 0.262608
0 0.54057 0.189119 0.270311
0 0.52694 0.204282 0.268778
0 0.573322 0.17318 0.253498
0 0.597634 0.163488 0.238878
0 0.580168 0.177855 0.241977
0 0.575006 0.177383 0.247611
0 0.549989 0.199189 0.250823
0 0.570006 0.189832 0.240162
0 0.600386 0.172285 0.227329
0 0.606002 0.17616 0.217838
0 0.608478 0.166684 0.224838
0 0.587912 0.181282 0.230806
0 0.580943 0.185802 0.233255
0 0.602758 0.177359 0.219883
0 0.610513 0.176777 0.21271
0 0.615112 0.173538 0.21135
0 0.606635 0.176056 0.21731
0 0.609387 0.173685 0.216928
0 0.616566 0.166114 0.21732
0 0.620709 0.165859 0.213432
0 0.625085 0.166303 0.208612
0 0.624159 0.165611 0.210229
0 0.622156 0.165752 0.212092
0 0.613256 0.164633 0.222111
0 0.61314 0.166193 0.220667
0 0.618236 0.166773 0.214991
0 0.615229 0.168099 0.216672
0 0.595591 0.171216 0.233192
0 0.552615 0.181531 0.265853
0 0.530044 0.188264 0.281692
0 0.554496 0.182808 0.262696
0 0.583335 0.172048 0.244617
0 0.55667 0.174647 0.268682
0 0.514039 0.174197 0.311764
0 0.47725 0.186143 0.336606
0 0.481649 0.208866 0.309485
0 0.544154 0.167791 0.288056
0 0.577388 0.15641 0.266202
0 0.566581 0.17995 0.253468
0 0.57581 0.178108 0.246083
0 0.582622 0.1743 0.243078
0 0.560644 0.190451 0.248905
0 0.587716 0.177048 0.235236
0 0.601394 0.171705 0.226902
0 0.590493 0.178387 0.23112
0 0.603243 0.167296 0.229461
0 0.600239 0.176837 0.222924
0 0.626172 0.166565 0.207263
0 0.630525 0.159474 0.210001
0 0.618599 0.169457 0.211944
0 0.624392 0.164544 0.211063
0 0.603872 0.164141 0.231987
0 0.565304 0.168283 0.266413
0 0.543435 0.166204 0.29036
0 0.517559 0.177864 0.304577
0 0.525744 0.18228 0.291976
0 0.552217 0.17339 0.274392
0 0.557212 0.172219 0.270569
0 0.549624 0.181616 0.268759
0 0.540813 0.174284 0.284902
0 0.542524 0.176306 0.28117
0 0.534696 0.188442 0.276861
0 0.56387 0.176605 0.259524
0 0.564117 0.1819 0.253982
0 0.584206 0.179221 0.236573
0 0.609349 0.172607 0.218044
0 0.621615 0.162643 0.215742
0 0.622261 0.164034 0.213705
0 0.612552 0.174755 0.212693
0 0.615924 0.174184 0.209892
0 0.612703 0.177842 0.209455
0 0.615304 0.174215 0.21048
0 0.613351 0.171833 0.214816
0 0.609232 0.16942 0.221348
0 0.601656 0.169811 0.228533
0 0.596588 0.178294 0.225119
0 0.615949 0.170098 0.213954
0 0.622139 0.162187 0.215674
0 0.610164 0.165821 0.224015
0 0.60992 0.169998 0.220081
0 0.63015 0.164344 0.205505
0 0.637686 0.158194 0.20412
0 0.625863 0.163683 0.210453
0 0.62156 0.166337 0.212104
0 0.623146 0.161892 0.214962
0 0.630816 0.158371 0.210812
0 0.637312 0.159671 0.203017
0 0.648305 0.157441 0.194254
0 0.644795 0.156395 0.19881
0 0.602589 0.163409 0.234002
0 0.556941 0.172499 0.270559
0 0.501818 0.194819 0.303363
0 0.502303 0.184459 0.313238
0 0.520436 0.169903 0.309661
0 0.52724 0.187181 0.285579
0 0.559385 0.161244 0.279371
0 0.547836 0.171872 0.280292
0 0.509424 0.19419 0.296385
0 0.530025 0.176935 0.293041
0 0.533967 0.178746 0.287287
0 0.54071 0.187687 0.271603
0 0.561738 0.166129 0.272133
0 0.539972 0.176396 0.283633
0 0.551391 0.170466 0.278143
0 0.584425 0.158287 0.257288
0 0.596925 0.161644 0.241431
0 0.607147 0.158251 0.234602
0 0.586223 0.1735 0.240277
0 0.549973 0.179723 0.270304
0 0.483855 0.198412 0.317734
0 0.387689 0.247588 0.364723
-1 0.363964 0.238979 0.397057
-1 0.32509 0.271051 0.403859
-1 0.344032 0.257299 0.398669
-1 0.359707 0.232493 0.4078
0 0.39222 0.221532 0.386248
0 0.404926 0.225054 0.37002
0 0.385509 0.23421 0.380281
-1 0.346986 0.242246 0.410768
-1 0.284877 0.282782 0.432341
-1 0.300861 0.293154 0.405985
0 0.387404 0.231123 0.381472
-1 0.37272 0.246005 0.381274
0 0.403327 0.220818 0.375855
0 0.428827 0.212794 0.358379
0 0.414068 0.231474 0.354458
0 0.457439 0.203911 0.338649
0 0.436157 0.23588 0.327963
0 0.440265 0.232085 0.327649
0 0.427491 0.218772 0.353738
-1 0.359527 0.272326 0.368146
-1 0.278841 0.337921 0.383238
-1 0.276261 0.305481 0.418259
-1 0.229989 0.345122 0.42489
-1 0.308674 0.318062 0.373264
0 0.422693 0.215586 0.361721
0 0.426005 0.222333 0.351662
0 0.44245 0.218037 0.339513
0 0.458598 0.218424 0.322977
0 0.46654 0.223467 0.309992
0 0.479137 0.220145 0.300718
0 0.49572 0.209006 0.295274
0 0.519359 0.201614 0.279027
0 0.539049 0.197167 0.263784
0 0.56404 0.184894 0.251066
0 0.575118 0.182684 0.242198
0 0.591234 0.182834 0.225932
0 0.606206 0.171753 0.222041
0 0.598686 0.174575 0.226739
0 0.571236 0.182459 0.246305
0 0.55864 0.179244 0.262116
0 0.561451 0.17849 0.260059
0 0.559779 0.176062 0.264159
0 0.552009 0.1615 0.286491
0 0.494388 0.177524 0.328088
0 0.493588 0.176698 0.329715
0 0.525016 0.183045 0.291939
0 0.557314 0.177418 0.265268
0 0.578002 0.166056 0.255942
0 0.561904 0.174971 0.263125
0 0.573852 0.179259 0.246889
0 0.600402 0.171043 0.228555
0 0.604881 0.166455 0.228664
0 0.576313 0.178519 0.245168
0 0.562589 0.178972 0.258439
0 0.577182 0.167726 0.255093
0 0.58008 0.166129 0.253791
0 0.591976 0.151879 0.256144
0 0.578685 0.162782 0.258533
0 0.567473 0.169156 0.263371
0 0.581028 0.161143 0.257829
0 0.557022 0.177057 0.265921
0 0.535492 0.171114 0.293394
0 0.486896 0.171698 0.341406
0 0.456819 0.182176 0.361005
0 0.448567 0.211697 0.339736
0 0.461417 0.204737 0.333846
0 0.432682 0.202909 0.364409
0 0.38274 0.236298 0.380962
-1 0.373991 0.247766 0.378242
0 0.409207 0.228041 0.362752
0 0.438104 0.209836 0.35206
0 0.442827 0.205885 0.351288
0 0.487028 0.191555 0.321417
0 0.515795 0.18636 0.297845
0 0.521389 0.181674 0.296938
0 0.53371 0.180553 0.285737
0 0.54136 0.186581 0.27206
0 0.554073 0.184567 0.26136
0 0.564601 0.1793 0.256099
0 0.522713 0.195718 0.281568
0 0.469321 0.201422 0.329257
0 0.441641 0.199687 0.358672
0 0.419476 0.225515 0.355009
0 0.414384 0.217789 0.367827
0 0.396386 0.218231 0.385383
-1 0.3213 0.284537 0.394163
-1 0.339665 0.267161 0.393174
-1 0.344575 0.272708 0.382717
-1 0.337275 0.277606 0.385119
-1 0.351019 0.258049 0.390932
-1 0.321106 0.273662 0.405232
-1 0.30084 0.294183 0.404977
-1 0.338182 0.27229 0.389528
0 0.396734 0.237408 0.365859
0 0.429467 0.22949 0.341043
0 0.475899 0.208119 0.315982
0 0.493747 0.20009 0.306163
0 0.515695 0.198336 0.285968
0 0.519549 0.200734 0.279716
0 0.525579 0.193578 0.280843
0 0.498084 0.205352 0.296565
0 0.448207 0.220797 0.330996
0 0.422981 0.222815 0.354204
0 0.387948 0.253727 0.358325
0 0.434133 0.223807 0.34206
0 0.432899 0.222038 0.345064
0 0.410777 0.219532 0.369691
0 0.439306 0.190851 0.369843
0 0.439566 0.223994 0.33644
0 0.502481 0.197178 0.300341
0 0.501706 0.199602 0.298692
0 0.492041 0.207193 0.300766
0 0.518971 0.20417 0.276859
0 0.538139 0.192679 0.269181
0 0.522755 0.191084 0.286161
0 0.502002 0.193449 0.304548
0 0.481168 0.205163 0.313669
0 0.4648 0.207735 0.327466
0 0.415734 0.237579 0.346686
-1 0.320955 0.295603 0.383442
-1 0.222848 0.382406 0.394746
-1 0.201446 0.382409 0.416144
1 0.173822 0.414813 0.411365
-1 0.231258 0.377581 0.391161
-1 0.279823 0.344258 0.375919
-1 0.287014 0.321159 0.391826
-1 0.290806 0.3256 0.383594
-1 0.276422 0.346638 0.37694
-1 0.283285 0.347069 0.369646
1 0.229832 0.385337 0.384831
-1 0.222434 0.386966 0.3906
-1 0.264392 0.364901 0.370707
1 0.267649 0.382433 0.349918
1 0.307537 0.352902 0.339562
-1 0.340911 0.307305 0.351784
-1 0.325951 0.323704 0.350345
0 0.379088 0.304619 0.316293
0 0.451848 0.244921 0.30323
0 0.455159 0.242657 0.302184
0 0.438527 0.255819 0.305654
0 0.426419 0.259264 0.314317
0 0.372071 0.289567 0.338363
0 0.392376 0.276934 0.33069
0 0.405233 0.284115 0.310651
0 0.471987 0.240113 0.2879
0 0.439603 0.26236 0.298037
0 0.353288 0.326208 0.320504
0 0.393383 0.28024 0.326378
0 0.417309 0.267886 0.314805
0 0.447384 0.268898 0.283718
0 0.495659 0.207016 0.297325
0 0.473804 0.210921 0.315275
0 0.397995 0.280536 0.321469
0 0.403963 0.279827 0.316209
0 0.362458 0.313739 0.323803
0 0.396026 0.292892 0.311081
0 0.436195 0.278909 0.284896
0 0.490016 0.238624 0.27136
0 0.51001 0.219867 0.270123
0 0.441328 0.265269 0.293403
0 0.460822 0.238322 0.300857
0 0.410198 0.284672 0.30513
0 0.461542 0.251145 0.287313
0 0.528215 0.207809 0.263976
0 0.54971 0.195164 0.255126
0 0.567129 0.18899 0.243881
0 0.560033 0.194163 0.245804
0 0.552591 0.199689 0.24772
0 0.562012 0.191537 0.246451
0 0.565785 0.184143 0.250072
0 0.557048 0.185487 0.257465
0 0.531155 0.206656 0.262189
0 0.52979 0.2083 0.261909
0 0.578583 0.18265 0.238767
0 0.588995 0.185663 0.225342
0 0.608278 0.165839 0.225883
0 0.595606 0.177683 0.226711
0 0.586246 0.186086 0.227668
0 0.596573 0.180621 0.222806
0 0.59451 0.177677 0.227813
0 0.596517 0.176677 0.226807
0 0.574011 0.188461 0.237528
0 0.588051 0.170293 0.241656
0 0.593835 0.171271 0.234894
0 0.607832 0.172142 0.220025
0 0.613195 0.167455 0.21935
0 0.563492 0.190795 0.245713
0 0.546941 0.196391 0.256667
0 0.564313 0.186138 0.249549
0 0.578538 0.179054 0.242408
0 0.574343 0.172481 0.253176
0 0.541937 0.191372 0.26669
0 0.49898 0.228598 0.272422
0 0.491016 0.245183 0.263801
0 0.498852 0.237375 0.263773
0 0.431251 0.29512 0.273629
0 0.462494 0.268469 0.269037
0 0.41303 0.319309 0.267661
0 0.471832 0.267169 0.260999
0 0.530449 0.217329 0.252223
0 0.479753 0.267338 0.252909
0 0.574236 0.190116 0.235648
0 0.543227 0.212244 0.244529
0 0.524868 0.232002 0.24313
0 0.518412 0.234032 0.247556
0 0.51518 0.228476 0.256344
0 0.509196 0.24278 0.248024
0 0.517233 0.237127 0.245639
0 0.531066 0.224579 0.244355
0 0.527149 0.225795 0.247056
0 0.540013 0.217828 0.242159
0 0.513709 0.240118 0.246173
0 0.5208 0.224874 0.254326
0 0.471287 0.268114 0.260599
0 0.483078 0.247976 0.268946
0 0.543663 0.19816 0.258177
0 0.528183 0.227451 0.244366
0 0.583947 0.183279 0.232774
0 0.584678 0.185249 0.230073
0 0.570359 0.191447 0.238194
0 0.57564 0.192357 0.232003
0 0.575208 0.192859 0.231933
0 0.578361 0.196096 0.225543
0 0.562075 0.206858 0.231068
0 0.577803 0.190394 0.231803
0 0.582907 0.190893 0.2262
0 0.603121 0.181866 0.215013
0 0.609004 0.177195 0.213801
0 0.599215 0.180728 0.220057
0 0.6074 0.176293 0.216307
0 0.611056 0.176963 0.211981
0 0.617849 0.17365 0.208501
0 0.613533 0.17646 0.210007
0 0.597583 0.183123 0.219294
0 0.601379 0.171773 0.226848
0 0.599488 0.170648 0.229864
0 0.607695 0.173359 0.218946
0 0.621374 0.167999 0.210628
0 0.61881 0.172991 0.208198
0 0.618593 0.172555 0.208852
0 0.613284 0.176222 0.210494
0 0.61233 0.177355 0.210315
0 0.613326 0.17748 0.209194
0 0.611516 0.176244 0.21224
0 0.608275 0.176041 0.215684
0 0.615061 0.175527 0.209413
0 0.613606 0.176309 0.210085
0 0.603902 0.178583 0.217515
0 0.600978 0.180275 0.218746
0 0.602974 0.175826 0.2212
0 0.593902 0.182387 0.223711
0 0.599606 0.176929 0.223465
0 0.600611 0.175352 0.224037
0 0.610644 0.170873 0.218484
0 0.630208 0.15879 0.211002
0 0.619553 0.165442 0.215005
0 0.625329 0.159845 0.214826
0 0.630597 0.16093 0.208472
0 0.630745 0.167743 0.201513
0 0.648167 0.16065 0.191183
0 0.643644 0.16038 0.195976
0 0.630749 0.16309 0.206161
0 0.619076 0.163554 0.21737
0 0.599354 0.163115 0.237532
0 0.590365 0.173267 0.236368
0 0.622123 0.157121 0.220756
0 0.616469 0.153902 0.22963
0 0.609347 0.157421 0.233232
0 0.610525 0.166483 0.222992
0 0.622461 0.165438 0.212101
0 0.627152 0.157484 0.215364
0 0.595812 0.173262 0.230925
0 0.57773 0.177711 0.244559
0 0.566345 0.171502 0.262154
0 0.576804 0.177185 0.24601
0 0.601467 0.172697 0.225836
0 0.605759 0.16272 0.231521
0 0.592736 0.162043 0.245221
0 0.570714 0.179598 0.249688
0 0.538005 0.205103 0.256892
0 0.550441 0.183616 0.265944
0 0.501741 0.214187 0.284072
0 0.475964 0.236996 0.28704
0 0.503967 0.200724 0.295309
0 0.455775 0.233274 0.310951
0 0.449635 0.248058 0.302308
0 0.485336 0.219894 0.29477
0 0.491355 0.210142 0.298504
0 0.473999 0.227691 0.29831
0 0.520753 0.197136 0.282112
0 0.523147 0.196956 0.279897
0 0.474433 0.226674 0.298893
0 0.467672 0.215121 0.317207
0 0.425444 0.248884 0.325671
0 0.413776 0.278068 0.308156
0 0.447536 0.246363 0.306101
0 0.451777 0.237989 0.310234
0 0.457369 0.243047 0.299583
0 0.480299 0.23206 0.287641
0 0.468917 0.235151 0.295932
0 0.463088 0.227861 0.309051
0 0.4949 0.212622 0.292478
0 0.518229 0.209892 0.271879
0 0.554747 0.173516 0.271738
0 0.520806 0.197235 0.281959
0 0.49373 0.209419 0.296851
0 0.507687 0.201376 0.290938
0 0.500524 0.21055 0.288926
0 0.499543 0.22003 0.280427
0 0.495946 0.210803 0.293252
0 0.487647 0.206847 0.305506
0 0.415845 0.265047 0.319108
0 0.449812 0.24194 0.308248
0 0.423197 0.273922 0.302881
0 0.443707 0.253711 0.302582
0 0.490878 0.223989 0.285134
0 0.446025 0.260389 0.293585
0 0.472228 0.238525 0.289248
0 0.432541 0.265247 0.302212
0 0.441284 0.258222 0.300493
0 0.512089 0.212384 0.275527
0 0.488534 0.23936 0.272106
0 0.521719 0.201356 0.276925
0 0.474167 0.236222 0.289611
0 0.435621 0.254444 0.309935
0 0.478649 0.232191 0.28916
0 0.481135 0.242389 0.276476
0 0.519521 0.229146 0.251333
0 0.52413 0.221542 0.254328
0 0.533384 0.207929 0.258687
0 0.529175 0.21176 0.259065
0 0.536677 0.209504 0.253819
0 0.549797 0.199326 0.250877
0 0.556346 0.194104 0.24955
0 0.57494 0.190067 0.234992
0 0.588734 0.177694 0.233572
0 0.598758 0.166972 0.23427
0 0.577348 0.182958 0.239694
0 0.570935 0.188438 0.240627
0 0.566281 0.19562 0.238099
0 0.569091 0.19328 0.237629
0 0.582754 0.186614 0.230632
0 0.577864 0.198326 0.22381
0 0.608879 0.174427 0.216694
0 0.606568 0.179992 0.21344
0 0.608036 0.174992 0.216972
0 0.609793 0.176598 0.213609
0 0.59701 0.183031 0.219959
0 0.600848 0.182616 0.216536
0 0.598884 0.179684 0.221432
0 0.589626 0.18574 0.224635
0 0.598589 0.177453 0.223958
0 0.572713 0.193992 0.233295
0 0.577799 0.184185 0.238016
0 0.565059 0.187897 0.247044
0 0.567128 0.17989 0.252982
0 0.548071 0.187625 0.264304
0 0.544634 0.195843 0.259523
0 0.567685 0.188413 0.243902
0 0.533849 0.213829 0.252322
0 0.548361 0.197317 0.254322
0 0.518392 0.207113 0.274495
0 0.491767 0.241942 0.266291
0 0.568529 0.192951 0.23852
0 0.588943 0.18527 0.225787
0 0.597193 0.178638 0.224169
0 0.595629 0.185321 0.21905
0 0.581078 0.187011 0.231911
0 0.593656 0.182652 0.223692
0 0.594735 0.184594 0.220671
0 0.607025 0.182337 0.210638
0 0.617146 0.17555 0.207304
0 0.613273 0.178127 0.208599
0 0.610378 0.178955 0.210667
0 0.61162 0.171543 0.216838
0 0.606383 0.171587 0.222029
0 0.604733 0.176325 0.218942
0 0.605571 0.175229 0.2192
0 0.608955 0.173873 0.217172
0 0.612866 0.171444 0.21569
0 0.615223 0.172453 0.212324
0 0.624222 0.167522 0.208256
0 0.623433 0.16511 0.211458
0 0.616873 0.16709 0.216037
0 0.607527 0.167226 0.225247
0 0.5993 0.165984 0.234716
0 0.596258 0.168359 0.235383
0 0.602067 0.166216 0.231717
0 0.622282 0.159918 0.2178
0 0.613051 0.164255 0.222694
0 0.590424 0.16937 0.240206
0 0.561663 0.182141 0.256196
0 0.570969 0.181646 0.247386
0 0.595671 0.174903 0.229426
0 0.606063 0.176557 0.21738
0 0.614018 0.172254 0.213729
0 0.611104 0.17584 0.213056
0 0.619644 0.171856 0.2085
0 0.625631 0.170956 0.203413
0 0.621009 0.169131 0.20986
0 0.617397 0.165909 0.216694
0 0.602592 0.18122 0.216188
0 0.6126 0.176083 0.211317
0 0.622601 0.172638 0.204761
0 0.625016 0.173915 0.201069
0 0.62449 0.167649 0.20786
0 0.624502 0.16149 0.214008
0 0.624522 0.16316 0.212318
0 0.628929 0.160014 0.211057
0 0.630979 0.157149 0.211872
0 0.61754 0.164067 0.218393
0 0.608833 0.165946 0.225221
0 0.608476 0.165392 0.226132
0 0.574365 0.182439 0.243196
0 0.573896 0.17206 0.254044
0 0.535842 0.18883 0.275328
0 0.51124 0.205897 0.282863
0 0.513256 0.201187 0.285557
0 0.515294 0.196703 0.288003
0 0.520582 0.19492 0.284498
0 0.510022 0.204349 0.285629
0 0.502061 0.211355 0.286584
0 0.485894 0.215119 0.298987
0 0.472926 0.227715 0.29936
0 0.466322 0.229723 0.303954
0 0.450286 0.250635 0.299079
0 0.407488 0.294042 0.29847
0 0.415568 0.284024 0.300408
0 0.435286 0.271735 0.292979
0 0.437815 0.288809 0.273376
0 0.490575 0.24272 0.266704
0 0.50815 0.225022 0.266827
0 0.477466 0.240258 0.282275
0 0.519976 0.219784 0.26024
0 0.544829 0.204822 0.250349
0 0.541052 0.20857 0.250378
0 0.554221 0.200078 0.245701
0 0.546317 0.206313 0.24737
0 0.516533 0.224559 0.258907
0 0.535656 0.206018 0.258326
0 0.520101 0.216716 0.263183
0 0.533246 0.214289 0.252465
0 0.552707 0.192209 0.255084
0 0.551735 0.1882 0.260065
0 0.533589 0.192479 0.273932
0 0.517393 0.207265 0.275342
0 0.562567 0.190986 0.246447
0 0.587941 0.185536 0.226523
0 0.601247 0.1692 0.229553
0 0.596445 0.174826 0.228728
0 0.580311 0.185325 0.234363
0 0.598552 0.181967 0.219482
0 0.603984 0.181897 0.214119
0 0.605714 0.179746 0.21454
0 0.60494 0.17969 0.21537
0 0.6029 0.1829 0.2142
0 0.609656 0.177839 0.212505
0 0.611409 0.177156 0.211435
0 0.612149 0.177986 0.209865
0 0.619102 0.175801 0.205097
0 0.625329 0.174801 0.199871
0 0.632821 0.169477 0.197702
0 0.624656 0.164773 0.210571
0 0.619381 0.158187 0.222433
0 0.616444 0.156503 0.227053
0 0.611862 0.164886 0.223252
0 0.599703 0.169793 0.230504
0 0.593002 0.169733 0.237265
0 0.58456 0.174641 0.240799
0 0.612146 0.164544 0.22331
0 0.615157 0.164678 0.220166
0 0.604601 0.167686 0.227713
0 0.608227 0.170578 0.221195
0 0.603345 0.177815 0.218839
0 0.614781 0.179571 0.205648
0 0.621174 0.17608 0.202745
0 0.622018 0.17246 0.205521
0 0.614921 0.171852 0.213227
0 0.618788 0.169072 0.212139
0 0.631424 0.166252 0.202325
0 0.63886 0.163631 0.19751
0 0.634999 0.161235 0.203765
0 0.613501 0.165923 0.220575
0 0.583858 0.166359 0.249783
0 0.547138 0.193265 0.259597
0 0.563513 0.190137 0.24635
0 0.586028 0.182529 0.231443
0 0.602638 0.175882 0.22148
0 0.6104 0.166248 0.223352
0 0.582579 0.178547 0.238874
0 0.574321 0.181614 0.244066
0 0.578869 0.179047 0.242084
0 0.598956 0.178206 0.222837
0 0.613479 0.176516 0.210006
0 0.61788 0.173509 0.20861
0 0.613297 0.177551 0.209152
0 0.617704 0.176395 0.205901
0 0.625072 0.17246 0.202468
0 0.626512 0.169672 0.203816
0 0.628091 0.168861 0.203047
0 0.630174 0.164792 0.205034
0 0.630309 0.16065 0.209042
0 0.615957 0.173681 0.210362
0 0.615276 0.169261 0.215464
0 0.62387 0.165099 0.211031
0 0.625215 0.164261 0.210524
0 0.624247 0.155367 0.220387
0 0.608098 0.158757 0.233145
0 0.612669 0.159682 0.227649
0 0.597606 0.170967 0.231427
0 0.600825 0.162373 0.236802
0 0.590828 0.169656 0.239516
0 0.588183 0.174904 0.236913
0 0.61598 0.16244 0.221581
0 0.609802 0.169794 0.220404
0 0.605865 0.170874 0.223261
0 0.600169 0.16996 0.229871
0 0.58865 0.173192 0.238159
0 0.577017 0.175687 0.247296
0 0.557968 0.178009 0.264022
0 0.537021 0.177287 0.285693
0 0.512215 0.185314 0.302471
0 0.500641 0.201693 0.297667
0 0.520639 0.193099 0.286262
0 0.535545 0.185566 0.27889
0 0.547428 0.178394 0.274178
0 0.552092 0.175572 0.272337
0 0.540192 0.18682 0.272988
0 0.539951 0.19014 0.269909
0 0.545195 0.193157 0.261648
0 0.552694 0.192997 0.254309
0 0.579849 0.184658 0.235492
0 0.55023 0.192945 0.256825
0 0.532175 0.192829 0.274996
0 0.520616 0.200653 0.278732
0 0.55255 0.190205 0.257245
0 0.57652 0.184202 0.239278
0 0.558646 0.179608 0.261747
0 0.546546 0.164501 0.288954
0 0.502687 0.190523 0.306789
0 0.510491 0.196017 0.293492
0 0.558818 0.185921 0.255261
0 0.574486 0.188246 0.237268
0 0.592639 0.179037 0.228324
0 0.600601 0.175307 0.224092
0 0.597736 0.181031 0.221233
0 0.609197 0.176159 0.214644
0 0.613019 0.176021 0.210961
0 0.619528 0.17274 0.207732
0 0.625178 0.173632 0.20119
0 0.627991 0.172602 0.199407
0 0.628972 0.17174 0.199288
0 0.627227 0.172238 0.200535
0 0.631209 0.168987 0.199803
0 0.63053 0.172419 0.19705
0 0.634972 0.166243 0.198785
0 0.632135 0.16255 0.205315
0 0.620505 0.163604 0.215892
0 0.622807 0.158124 0.21907
0 0.614764 0.175894 0.209342
0 0.632865 0.166417 0.200718
0 0.637294 0.162968 0.199739
0 0.636857 0.163127 0.200017
0 0.638482 0.164255 0.197263
0 0.62891 0.158611 0.212479
0 0.592199 0.164447 0.243354
0 0.57886 0.167955 0.253185
0 0.578614 0.17696 0.244426
0 0.626152 0.15026 0.223588
0 0.605531 0.158073 0.236396
0 0.571367 0.172393 0.25624
0 0.55704 0.171065 0.271895
0 0.520656 0.194422 0.284922
0 0.536095 0.180088 0.283817
0 0.508646 0.188267 0.303087
0 0.482978 0.202701 0.314322
0 0.500417 0.195553 0.30403
0 0.49051 0.206231 0.303259
0 0.462898 0.219131 0.317971
0 0.429666 0.233102 0.337232
0 0.417716 0.236548 0.345736
0 0.433706 0.23032 0.335974
0 0.451764 0.210377 0.337859
0 0.419749 0.232679 0.347572
0 0.389403 0.25273 0.357867
0 0.370801 0.27066 0.358539
-1 0.343053 0.302421 0.354526
0 0.399537 0.270464 0.329999
0 0.450841 0.238027 0.311132
0 0.505548 0.205117 0.289335
0 0.518676 0.199096 0.282228
0 0.502054 0.201605 0.296342
0 0.490517 0.209827 0.299656
0 0.478157 0.216685 0.305159
0 0.515674 0.202214 0.282113
0 0.510691 0.216973 0.272336
0 0.542933 0.183866 0.273202
0 0.549077 0.181563 0.26936
0 0.564862 0.177769 0.25737
0 0.595084 0.163656 0.241259
0 0.59158 0.163417 0.245003
0 0.593113 0.164556 0.242331
0 0.587893 0.165644 0.246463
0 0.579072 0.178518 0.24241
0 0.5677 0.181867 0.250433
0 0.575423 0.172523 0.252054
0 0.589746 0.168682 0.241572
0 0.606078 0.166191 0.22773
0 0.609535 0.15711 0.233356
0 0.588204 0.166471 0.245325
0 0.562222 0.177209 0.260569
0 0.574982 0.167105 0.257914
0 0.564049 0.177808 0.258143
0 0.554205 0.175493 0.270303
0 0.556727 0.167562 0.275711
0 0.542489 0.181318 0.276193
0 0.526094 0.193129 0.280777
0 0.498134 0.196719 0.305148
0 0.466275 0.205263 0.328462
0 0.42025 0.249722 0.330028
0 0.461122 0.220089 0.318789
0 0.492141 0.202199 0.30566
0 0.480231 0.218247 0.301521
0 0.4871 0.198971 0.313929
0 0.473044 0.197112 0.329845
0 0.442349 0.224444 0.333207
0 0.438849 0.217852 0.343299
0 0.434776 0.205195 0.360028
0 0.416195 0.239233 0.344572
0 0.464701 0.227589 0.30771
0 0.486125 0.214462 0.299413
0 0.486184 0.209303 0.304513
0 0.504604 0.206019 0.289377
0 0.542714 0.192864 0.264422
0 0.572397 0.177638 0.249965
0 0.577556 0.178189 0.244256
0 0.582087 0.177543 0.240369
0 0.592515 0.176315 0.23117
0 0.602376 0.176359 0.221266
0 0.609388 0.17338 0.217233
0 0.608541 0.175994 0.215465
0 0.607496 0.176058 0.216446
0 0.617404 0.169458 0.213138
0 0.613176 0.166775 0.220048
0 0.604831 0.163579 0.231589
0 0.610113 0.158714 0.231173
0 0.617379 0.160427 0.222194
0 0.614141 0.154264 0.231595
0 0.602949 0.167292 0.229759
0 0.609821 0.171245 0.218934
0 0.627802 0.16188 0.210318
0 0.614958 0.162949 0.222093
0 0.606052 0.161993 0.231955
0 0.600053 0.16233 0.237617
0 0.599564 0.161752 0.238683
0 0.609229 0.15532 0.23545
0 0.618023 0.154328 0.22765
0 0.616149 0.164303 0.219548
0 0.606315 0.163901 0.229784
0 0.610658 0.162122 0.22722
0 0.596426 0.171961 0.231613
0 0.607029 0.168205 0.224766
0 0.601387 0.160137 0.238476
0 0.590405 0.156975 0.25262
0 0.583318 0.159544 0.257137
0 0.582921 0.169333 0.247746
0 0.611895 0.163436 0.224669
0 0.611043 0.168575 0.220382
0 0.616417 0.163011 0.220571
0 0.607722 0.165344 0.226934
0 0.609267 0.161954 0.228779
0 0.599003 0.161564 0.239433
0 0.597971 0.157517 0.244512
0 0.603179 0.159 0.237821
0 0.607103 0.163339 0.229557
0 0.615703 0.161461 0.222836
0 0.590669 0.171004 0.238327
0 0.579459 0.164951 0.25559
0 0.541716 0.179279 0.279005
0 0.530581 0.185112 0.284308
0 0.526232 0.187286 0.286482
0 0.507708 0.192155 0.300137
0 0.483629 0.202322 0.314049
0 0.457851 0.219996 0.322153
0 0.424328 0.241233 0.33444
0 0.419413 0.241515 0.339072
0 0.438688 0.228929 0.332383
0 0.450237 0.219292 0.330471
0 0.494948 0.181143 0.323908
0 0.465388 0.192978 0.341634
0 0.410494 0.237584 0.351921
0 0.435035 0.219306 0.34566
0 0.461211 0.214619 0.32417
0 0.515951 0.197112 0.286937
0 0.553563 0.178804 0.267633
0 0.560459 0.178875 0.260667
0 0.574648 0.178973 0.246379
0 0.582115 0.180823 0.237062
0 0.59463 0.174609 0.230761
0 0.598083 0.173471 0.228446
0 0.596349 0.176273 0.227377
0 0.597585 0.169475 0.232939
0 0.60456 0.167956 0.227483
0 0.61562 0.166257 0.218123
0 0.621657 0.160204 0.21814
0 0.599653 0.160926 0.239421
0 0.583052 0.158652 0.258296
0 0.558751 0.166873 0.274376
0 0.548544 0.162521 0.288936
0 0.538458 0.163177 0.298366
0 0.528578 0.181881 0.28954
0 0.55464 0.170877 0.274483
0 0.558197 0.173035 0.268768
0 0.566539 0.173356 0.260105
0 0.571392 0.173451 0.255157
0 0.582666 0.175675 0.241659
0 0.596217 0.17665 0.227133
0 0.616681 0.170921 0.212398
0 0.620142 0.171397 0.208461
0 0.624415 0.167021 0.208563
0 0.619216 0.162801 0.217983
0 0.60145 0.163497 0.235053
0 0.597837 0.158919 0.243244
0 0.600954 0.159842 0.239204
0 0.604327 0.15629 0.239383
0 0.592356 0.153147 0.254497
0 0.575346 0.155924 0.26873
0 0.547411 0.164361 0.288227
0 0.544673 0.161843 0.293484
0 0.534142 0.19019 0.275668
0 0.554203 0.181907 0.26389
0 0.577008 0.170928 0.252064
0 0.569533 0.178847 0.25162
0 0.586877 0.167412 0.245711
0 0.582579 0.16866 0.248761
0 0.576728 0.168597 0.254675
0 0.544365 0.175965 0.27967
0 0.479073 0.197216 0.323711
0 0.453503 0.205238 0.341259
0 0.449307 0.224082 0.326612
0 0.498331 0.198201 0.303468
0 0.520848 0.180192 0.29896
0 0.526082 0.181372 0.292546
0 0.519075 0.189148 0.291778
0 0.533569 0.179494 0.286936
0 0.531161 0.182513 0.286326
0 0.532135 0.184142 0.283722
0 0.552712 0.174479 0.272808
0 0.540714 0.190856 0.26843
0 0.572023 0.177835 0.250142
0 0.580348 0.175784 0.243868
0 0.589094 0.168961 0.241946
0 0.596516 0.165438 0.238046
0 0.6016 0.169679 0.228721
0 0.604807 0.164522 0.230671
0 0.585442 0.163834 0.250724
0 0.579172 0.167609 0.253219
0 0.601722 0.166782 0.231496
0 0.611713 0.166095 0.222192
0 0.602315 0.162952 0.234732
0 0.589422 0.164337 0.246241
0 0.586249 0.164858 0.248894
0 0.600597 0.162153 0.23725
0 0.600911 0.158439 0.24065
0 0.58395 0.158726 0.257324
0 0.57628 0.159001 0.264718
0 0.548471 0.163876 0.287653
0 0.51489 0.178424 0.306686
0 0.486203 0.191728 0.322069
0 0.483581 0.189345 0.327075
0 0.504146 0.187929 0.307925
0 0.534392 0.185636 0.279972
0 0.570046 0.166275 0.263679
0 0.568053 0.176025 0.255922
0 0.574578 0.180755 0.244667
0 0.601702 0.172826 0.225472
0 0.613507 0.168959 0.217534
0 0.624675 0.163379 0.211947
0 0.622597 0.162079 0.215324
0 0.625697 0.15967 0.214632
0 0.633213 0.157194 0.209593
0 0.637479 0.15749 0.205031
0 0.631325 0.154543 0.214132
0 0.60485 0.154304 0.240846
0 0.596232 0.150563 0.253204
0 0.590929 0.148994 0.260077
0 0.588046 0.163905 0.248049
0 0.602943 0.16331 0.233747
0 0.605812 0.160404 0.233784
0 0.60762 0.16006 0.23232
0 0.606388 0.16343 0.230181
0 0.602532 0.159934 0.237534
0 0.544517 0.17954 0.275942
0 0.505729 0.181663 0.312608
0 0.487172 0.205119 0.307709
0 0.496422 0.202191 0.301387
0 0.552714 0.155473 0.291812
0 0.516768 0.187077 0.296155
0 0.537215 0.183641 0.279144
0 0.551765 0.174233 0.274002
0 0.545309 0.184234 0.270457
0 0.547042 0.184901 0.268058
0 0.51534 0.193252 0.291408
0 0.503881 0.190049 0.30607
0 0.509861 0.190443 0.299696
0 0.533725 0.180449 0.285826
0 0.541617 0.171946 0.286438
0 0.534424 0.171873 0.293704
0 0.513897 0.177297 0.308806
0 0.49338 0.176058 0.330562
0 0.507352 0.191729 0.300919
0 0.554511 0.188171 0.257318
0 0.592893 0.172318 0.234789
0 0.609493 0.164801 0.225706
0 0.612427 0.167692 0.219881
0 0.621378 0.166744 0.211878
0 0.62117 0.162445 0.216385
0 0.618052 0.16159 0.220358
0 0.61701 0.164654 0.218337
0 0.629065 0.159135 0.211801
0 0.630129 0.157701 0.21217
0 0.627034 0.158332 0.214634
0 0.634735 0.157526 0.207739
0 0.639598 0.157339 0.203063
0 0.637097 0.154592 0.208311
0 0.626382 0.154817 0.218801
0 0.619826 0.154556 0.225618
0 0.623958 0.153015 0.223027
0 0.621967 0.150903 0.22713
0 0.61228 0.162806 0.224914
0 0.612984 0.15681 0.230206
0 0.595689 0.153034 0.251277
0 0.573252 0.155604 0.271144
0 0.569893 0.159775 0.270331
0 0.598936 0.150801 0.250263
0 0.604842 0.151922 0.243236
0 0.601962 0.160027 0.238011
0 0.611056 0.161869 0.227075
0 0.608707 0.163242 0.228051
0 0.614439 0.160183 0.225378
0 0.607813 0.16353 0.228657
0 0.613578 0.159753 0.226669
0 0.618046 0.16067 0.221284
0 0.62112 0.156307 0.222573
0 0.62681 0.153136 0.220053
0 0.613743 0.152409 0.233848
0 0.593022 0.151333 0.255645
0 0.581993 0.152573 0.265434
0 0.543962 0.156768 0.29927
0 0.501813 0.166401 0.331786
0 0.473431 0.178217 0.348352
0 0.474691 0.184571 0.340737
0 0.511892 0.16475 0.323358
0 0.525939 0.16688 0.307181
0 0.489066 0.185552 0.325382
0 0.469513 0.182996 0.347491
0 0.427893 0.207507 0.3646
0 0.450874 0.197646 0.35148
0 0.428421 0.206425 0.365154
0 0.399005 0.209113 0.391882
0 0.393222 0.213859 0.392919
-1 0.331634 0.270248 0.398118
-1 0.34867 0.23424 0.417091
-1 0.29986 0.273795 0.426344
-1 0.269153 0.307442 0.423404
-1 0.339918 0.247373 0.412709
-1 0.324001 0.270332 0.405667
-1 0.370741 0.236017 0.393242
0 0.391415 0.227559 0.381026
-1 0.370241 0.239381 0.390379
-1 0.364274 0.234983 0.400743
-1 0.372563 0.229598 0.397839
0 0.414045 0.216807 0.369148
0 0.433369 0.228075 0.338556
0 0.502688 0.194527 0.302785
0 0.521109 0.200962 0.277929
0 0.559731 0.179111 0.261158
0 0.585328 0.16844 0.246232
0 0.58274 0.178627 0.238633
0 0.595019 0.167949 0.237032
0 0.595851 0.167287 0.236862
0 0.576441 0.174605 0.248954
0 0.575615 0.166411 0.257974
0 0.561411 0.169683 0.268905
0 0.55017 0.170869 0.278961
0 0.557624 0.160697 0.281679
0 0.514367 0.179743 0.30589
0 0.478992 0.18744 0.333568
0 0.416806 0.212966 0.370228
-1 0.378423 0.222273 0.399304
-1 0.324363 0.246488 0.429148
-1 0.309327 0.24214 0.448534
-1 0.321589 0.251695 0.426716
-1 0.342626 0.251795 0.405579
-1 0.346574 0.241333 0.412093
-1 0.301029 0.260312 0.438658
-1 0.284993 0.270464 0.444543
-1 0.252294 0.315677 0.43203
-1 0.27426 0.287701 0.438039
-1 0.24448 0.313192 0.442328
-1 0.232282 0.332921 0.434797
-1 0.276935 0.297143 0.425923
-1 0.263792 0.311053 0.425155
-1 0.342857 0.262967 0.394175
0 0.375094 0.253866 0.37104
0 0.382669 0.243014 0.374318
-1 0.371411 0.239632 0.388957
-1 0.335399 0.262909 0.401692
-1 0.312686 0.269998 0.417315
-1 0.307039 0.258583 0.434378
-1 0.259891 0.307821 0.432288
-1 0.246072 0.320972 0.432957
-1 0.216479 0.362419 0.421102
-1 0.247592 0.333466 0.418943
-1 0.279917 0.317348 0.402734
-1 0.322499 0.292366 0.385135
0 0.382532 0.241952 0.375516
-1 0.318321 0.294515 0.387163
-1 0.325087 0.285132 0.38978
-1 0.358449 0.265057 0.376494
0 0.4199 0.246225 0.333875
0 0.472269 0.216828 0.310903
0 0.510544 0.191489 0.297967
0 0.513556 0.199731 0.286714
0 0.528989 0.194875 0.276136
0 0.543083 0.18567 0.271247
0 0.523605 0.194469 0.281925
0 0.528301 0.185357 0.286342
0 0.548689 0.178489 0.272822
0 0.563148 0.180556 0.256296
0 0.550157 0.17205 0.277794
0 0.533939 0.169757 0.296304
0 0.516909 0.182578 0.300513
0 0.507112 0.183805 0.309083
0 0.471293 0.178926 0.349781
0 0.44249 0.187384 0.370126
0 0.465231 0.209586 0.325184
0 0.525467 0.18796 0.286573
0 0.560241 0.166848 0.272911
0 0.55749 0.174559 0.267952
0 0.569564 0.174753 0.255683
0 0.59707 0.163722 0.239208
0 0.609657 0.160118 0.230225
0 0.600687 0.157076 0.242237
0 0.560175 0.168912 0.270913
0 0.556752 0.16283 0.280418
0 0.574055 0.168399 0.257546
0 0.591243 0.160971 0.247786
0 0.602627 0.154887 0.242486
0 0.572942 0.164394 0.262664
0 0.542504 0.172166 0.28533
0 0.513648 0.173838 0.312514
0 0.486458 0.182362 0.33118
0 0.464839 0.187496 0.347664
0 0.431337 0.184333 0.38433
-1 0.350534 0.231948 0.417518
-1 0.333773 0.252994 0.413233
0 0.381784 0.238699 0.379517
0 0.43679 0.220678 0.342532
0 0.488338 0.191805 0.319857
0 0.507711 0.182915 0.309374
0 0.509417 0.194499 0.296084
0 0.535887 0.185997 0.278116
0 0.570712 0.17604 0.253248
0 0.585407 0.173007 0.241586
0 0.60315 0.167109 0.229741
0 0.609699 0.160021 0.23028
0 0.608399 0.160226 0.231375
0 0.560022 0.17133 0.268648
0 0.52666 0.168092 0.305248
0 0.523892 0.18144 0.294668
0 0.55271 0.172618 0.274672
0 0.56337 0.151595 0.285035
0 0.539207 0.164634 0.296159
0 0.509634 0.185904 0.304462
0 0.511409 0.175858 0.312733
0 0.481912 0.191604 0.326484
0 0.464304 0.192296 0.3434
0 0.478904 0.184447 0.336649
0 0.500193 0.178738 0.321069
0 0.532546 0.175682 0.291773
0 0.571437 0.170742 0.257822
0 0.597212 0.166991 0.235797
0 0.615546 0.161758 0.222696
0 0.621466 0.161435 0.217099
0 0.614671 0.160312 0.225017
0 0.595634 0.159678 0.244687
0 0.579038 0.16112 0.259842
0 0.590131 0.157338 0.252531
0 0.61787 0.146589 0.235541
0 0.622662 0.144624 0.232714
0 0.59839 0.152532 0.249079
0 0.569214 0.15964 0.271146
0 0.550635 0.160781 0.288584
0 0.557854 0.156242 0.285904
0 0.566497 0.153048 0.280455
0 0.562859 0.147849 0.289292
0 0.553688 0.154746 0.291567
0 0.563919 0.175153 0.260928
0 0.593842 0.161602 0.244556
0 0.592694 0.15711 0.250196
0 0.581874 0.161925 0.256201
0 0.590727 0.158106 0.251168
0 0.5976 0.152031 0.250369
0 0.600502 0.146856 0.252642
0 0.570371 0.15518 0.274449
0 0.535892 0.157199 0.306908
0 0.504186 0.161815 0.333999
0 0.488006 0.177666 0.334329
0 0.496186 0.173415 0.330399
0 0.454285 0.17682 0.368894
0 0.416103 0.180226 0.403671
0 0.414624 0.191064 0.394312
0 0.4641 0.204126 0.331774
0 0.535733 0.17703 0.287237
0 0.562714 0.168384 0.268902
0 0.565964 0.169285 0.264751
0 0.552764 0.171419 0.275817
0 0.531009 0.169536 0.299456
0 0.479535 0.186353 0.334111
0 0.455891 0.184824 0.359285
0 0.454806 0.185607 0.359588
0 0.425514 0.204527 0.36996
0 0.436654 0.182367 0.380978
0 0.424194 0.199423 0.376383
0 0.39919 0.210298 0.390511
-1 0.399298 0.195097 0.405605
-1 0.375991 0.220925 0.403084
0 0.41246 0.205996 0.381544
0 0.431795 0.192383 0.375821
-1 0.384699 0.205626 0.409675
0 0.406955 0.20906 0.383984
0 0.42274 0.216454 0.360806
0 0.449504 0.192545 0.357951
0 0.441139 0.187561 0.3713
0 0.43719 0.19343 0.369379
0 0.481291 0.184163 0.334547
0 0.508288 0.181663 0.310049
0 0.533159 0.172777 0.294064
0 0.542127 0.17498 0.282894
0 0.5238 0.182993 0.293207
0 0.51038 0.187249 0.30237
0 0.518567 0.185491 0.295942
0 0.53852 0.171425 0.290055
0 0.538359 0.165195 0.296446
0 0.495489 0.180619 0.323892
0 0.460536 0.180164 0.3593
0 0.41514 0.204682 0.380178
-1 0.3947 0.209432 0.395868
0 0.400385 0.209885 0.38973
-1 0.363659 0.23403 0.402311
-1 0.342984 0.219619 0.437397
-1 0.296739 0.245737 0.457524
-1 0.306185 0.240362 0.453453
-1 0.316968 0.232691 0.450341
-1 0.29769 0.257788 0.444522
-1 0.335392 0.230888 0.43372
-1 0.330625 0.252077 0.417298
-1 0.383409 0.224611 0.39198
0 0.419103 0.204931 0.375966
0 0.424096 0.21855 0.357354
0 0.455088 0.201487 0.343426
0 0.433363 0.209158 0.357479
0 0.414697 0.210526 0.374777
-1 0.377683 0.224734 0.397583
-1 0.311662 0.268048 0.42029
-1 0.285132 0.267101 0.447767
-1 0.238082 0.307399 0.454519
-1 0.205231 0.350921 0.443848
-1 0.2689 0.27668 0.454419
-1 0.243289 0.311108 0.445602
-1 0.248826 0.305551 0.445622
-1 0.265237 0.273124 0.461639
-1 0.205863 0.316303 0.477834
-1 0.195928 0.313912 0.49016
-1 0.19202 0.324817 0.483163
-1 0.252246 0.299214 0.44854
-1 0.31556 0.26505 0.41939
-1 0.355039 0.233752 0.411209
0 0.392245 0.217236 0.390519
0 0.404515 0.225832 0.369653
-1 0.375732 0.234419 0.389849
-1 0.375821 0.217212 0.406966
-1 0.368859 0.235315 0.395825
0 0.405301 0.221586 0.373113
0 0.429924 0.198596 0.37148
-1 0.380661 0.219569 0.39977
-1 0.347976 0.234624 0.417399
-1 0.273581 0.304623 0.421796
-1 0.254211 0.294323 0.451465
-1 0.233793 0.309753 0.456454
-1 0.234546 0.322126 0.443328
-1 0.295729 0.249634 0.454638
-1 0.283083 0.270148 0.446769
-1 0.282491 0.283341 0.434168
-1 0.278974 0.296621 0.424405
-1 0.29431 0.282177 0.423512
-1 0.279544 0.295218 0.425239
-1 0.253806 0.319209 0.426985
-1 0.255354 0.311914 0.432732
-1 0.199725 0.364041 0.436235
-1 0.213047 0.353111 0.433842
-1 0.191984 0.374969 0.433047
-1 0.226656 0.35342 0.419924
-1 0.258239 0.330789 0.410972
-1 0.223168 0.357162 0.41967
-1 0.228451 0.338849 0.4327
-1 0.199469 0.35629 0.444241
-1 0.177675 0.393025 0.4293
-1 0.224889 0.35075 0.424361
-1 0.228418 0.341159 0.430423
-1 0.188482 0.392308 0.41921
-1 0.210589 0.367672 0.421739
-1 0.214302 0.352835 0.432863
-1 0.196741 0.376557 0.426702
-1 0.20793 0.374842 0.417228
-1 0.220154 0.351734 0.428111
-1 0.157237 0.405712 0.437051
-1 0.154173 0.414722 0.431105
