labels -1 1 0
-1 0.479676 0.339145 0.181179
-1 0.495783 0.333557 0.17066
-1 0.520301 0.327494 0.152205
-1 0.518765 0.344551 0.136684
-1 0.516643 0.345832 0.137525
-1 0.514286 0.34635 0.139364
-1 0.513723 0.341604 0.144673
-1 0.506405 0.393841 0.0997547
-1 0.486939 0.415702 0.0973586
-1 0.483683 0.396575 0.119741
-1 0.464963 0.41358 0.121457
-1 0.48094 0.412437 0.106623
-1 0.457188 0.452013 0.0907989
1 0.43762 0.455769 0.106611
1 0.447622 0.45015 0.102229
1 0.448792 0.45166 0.0995481
1 0.421158 0.492692 0.0861501
1 0.414234 0.492217 0.0935488
1 0.417587 0.467504 0.114909
1 0.419001 0.453377 0.127622
-1 0.431109 0.41646 0.152432
-1 0.424822 0.421685 0.153493
-1 0.432085 0.398901 0.169014
-1 0.439374 0.418513 0.142114
1 0.421054 0.433101 0.145845
1 0.408618 0.421254 0.170128
1 0.411686 0.423017 0.165297
-1 0.45253 0.364169 0.183301
-1 0.457213 0.366884 0.175903
-1 0.441834 0.351513 0.206653
-1 0.433449 0.331802 0.234749
-1 0.419589 0.310829 0.269582
-1 0.436632 0.311645 0.251722
-1 0.428531 0.316417 0.255052
-1 0.42671 0.292611 0.280679
-1 0.439295 0.308472 0.252232
-1 0.422707 0.279755 0.297538
-1 0.400418 0.269642 0.329941
-1 0.393935 0.258225 0.34784
-1 0.425828 0.237522 0.336651
-1 0.43009 0.250724 0.319185
-1 0.420521 0.267469 0.31201
-1 0.416713 0.270771 0.312516
-1 0.402474 0.263003 0.334523
-1 0.414652 0.277695 0.307653
-1 0.418656 0.259676 0.321668
-1 0.427413 0.25147 0.321117
-1 0.444381 0.253878 0.301741
-1 0.422916 0.24957 0.327515
-1 0.415674 0.25489 0.329436
-1 0.424303 0.252322 0.323375
-1 0.431968 0.252889 0.315144
-1 0.444417 0.278648 0.276935
-1 0.449344 0.267869 0.282787
-1 0.430215 0.25752 0.312265
-1 0.44735 0.267544 0.285105
-1 0.451533 0.260086 0.288382
-1 0.427646 0.244779 0.327575
-1 0.441285 0.252909 0.305806
-1 0.495995 0.276089 0.227916
-1 0.472593 0.283338 0.24407
-1 0.444908 0.28368 0.271412
-1 0.446957 0.276506 0.276537
-1 0.463492 0.252429 0.284079
-1 0.451776 0.245801 0.302423
-1 0.442705 0.24972 0.307575
-1 0.465307 0.253456 0.281237
-1 0.465476 0.263122 0.271402
-1 0.480116 0.309709 0.210175
-1 0.487055 0.318182 0.194763
-1 0.491648 0.32218 0.186171
-1 0.508986 0.333253 0.157761
-1 0.50474 0.353439 0.141821
-1 0.484925 0.368113 0.146962
-1 0.467862 0.36534 0.166798
-1 0.48136 0.36942 0.14922
-1 0.481333 0.357561 0.161107
-1 0.455798 0.35527 0.188932
-1 0.454828 0.329706 0.215466
-1 0.465955 0.352689 0.181357
-1 0.464833 0.354416 0.180751
-1 0.444027 0.387968 0.168004
-1 0.460373 0.400388 0.139239
-1 0.4653 0.38786 0.14684
-1 0.446686 0.389237 0.164077
-1 0.44282 0.434166 0.123013
-1 0.446066 0.418101 0.135833
-1 0.435416 0.39748 0.167104
1 0.419608 0.421622 0.15877
-1 0.427379 0.391231 0.18139
-1 0.425857 0.390029 0.184114
1 0.419835 0.423201 0.156965
-1 0.413856 0.401153 0.184991
-1 0.407247 0.365544 0.227209
-1 0.424411 0.400093 0.175496
-1 0.433015 0.386718 0.180266
-1 0.430903 0.404996 0.164102
-1 0.416243 0.399768 0.183989
-1 0.420447 0.351727 0.227826
-1 0.411804 0.326588 0.261608
-1 0.423166 0.313972 0.262862
-1 0.402202 0.291796 0.306002
-1 0.396092 0.300102 0.303807
-1 0.3814 0.319114 0.299486
-1 0.381358 0.311562 0.307081
-1 0.401839 0.324986 0.273175
-1 0.408947 0.297137 0.293916
-1 0.418676 0.301902 0.279422
-1 0.417641 0.286901 0.295459
-1 0.430041 0.304318 0.26564
-1 0.429432 0.294347 0.276221
-1 0.439799 0.30406 0.256141
-1 0.419763 0.293668 0.286569
-1 0.40094 0.273124 0.325936
-1 0.391526 0.27074 0.337733
-1 0.407604 0.250058 0.342338
-1 0.410112 0.253014 0.336874
-1 0.391632 0.243365 0.365004
-1 0.390093 0.282891 0.327015
-1 0.411672 0.279408 0.308921
-1 0.399329 0.28784 0.312831
-1 0.411262 0.280281 0.308458
-1 0.432915 0.28011 0.286975
-1 0.449434 0.249574 0.300993
-1 0.417789 0.246079 0.336132
-1 0.419763 0.246384 0.333852
-1 0.438647 0.234997 0.326356
-1 0.409092 0.217247 0.373661
-1 0.39465 0.218206 0.387144
-1 0.409783 0.211873 0.378345
-1 0.405068 0.201049 0.393883
0 0.384191 0.213071 0.402738
-1 0.400208 0.216197 0.383595
0 0.392678 0.19893 0.408392
0 0.378658 0.213433 0.407909
-1 0.403513 0.219681 0.376806
-1 0.431225 0.233199 0.335576
-1 0.413273 0.237907 0.34882
-1 0.410378 0.245504 0.344118
-1 0.423252 0.25841 0.318338
-1 0.459151 0.260189 0.28066
-1 0.464117 0.273106 0.262777
-1 0.444189 0.267522 0.288289
-1 0.444612 0.26336 0.292028
-1 0.452343 0.249593 0.298064
-1 0.474687 0.25953 0.265783
-1 0.463383 0.258699 0.277919
-1 0.447087 0.241888 0.311025
-1 0.432005 0.24054 0.327455
-1 0.44689 0.248332 0.304778
-1 0.501802 0.286387 0.211811
-1 0.505836 0.301677 0.192488
-1 0.477392 0.30298 0.219628
-1 0.469026 0.3028 0.228175
-1 0.494189 0.313152 0.192659
-1 0.484535 0.304873 0.210592
-1 0.472338 0.302127 0.225535
-1 0.454697 0.283226 0.262077
-1 0.44425 0.257379 0.298372
-1 0.453855 0.278246 0.267898
-1 0.468047 0.280509 0.251444
-1 0.462741 0.298243 0.239016
-1 0.447597 0.291742 0.260661
-1 0.435064 0.305436 0.2595
-1 0.44391 0.300787 0.255303
-1 0.474492 0.296361 0.229147
-1 0.48608 0.302232 0.211689
-1 0.469377 0.305963 0.224661
-1 0.462994 0.298157 0.238849
-1 0.45939 0.300356 0.240254
-1 0.470848 0.3006 0.228552
-1 0.46991 0.306127 0.223963
-1 0.468108 0.292536 0.239356
-1 0.463555 0.277212 0.259234
-1 0.447827 0.268955 0.283218
-1 0.45744 0.272933 0.269628
-1 0.456843 0.259166 0.283992
-1 0.450638 0.249811 0.299551
-1 0.460551 0.265196 0.274253
-1 0.444046 0.246097 0.309857
-1 0.431561 0.24506 0.323379
-1 0.451947 0.255783 0.29227
-1 0.491739 0.266864 0.241398
-1 0.483719 0.288004 0.228277
-1 0.467246 0.292258 0.240495
-1 0.44322 0.27415 0.28263
-1 0.450576 0.259202 0.290221
-1 0.508353 0.284231 0.207416
-1 0.502066 0.290183 0.207751
-1 0.45905 0.297346 0.243604
-1 0.452367 0.302546 0.245087
-1 0.471758 0.273515 0.254727
-1 0.45396 0.27366 0.27238
-1 0.450624 0.277057 0.272318
-1 0.482966 0.276197 0.240837
-1 0.459814 0.279267 0.260919
-1 0.460255 0.319774 0.219971
-1 0.461913 0.311453 0.226634
-1 0.471312 0.294298 0.23439
-1 0.485409 0.301964 0.212627
-1 0.482995 0.289996 0.227009
-1 0.457586 0.274288 0.268126
-1 0.464034 0.264656 0.271311
-1 0.474151 0.260401 0.265448
-1 0.452658 0.254184 0.293158
-1 0.45344 0.262571 0.283989
-1 0.482527 0.267513 0.24996
-1 0.485254 0.274306 0.240441
-1 0.467074 0.281158 0.251768
-1 0.457465 0.281715 0.26082
-1 0.471805 0.262046 0.266149
-1 0.467712 0.267775 0.264513
-1 0.435522 0.25929 0.305189
-1 0.452499 0.26132 0.286182
-1 0.45082 0.256412 0.292768
-1 0.437895 0.256431 0.305674
-1 0.44495 0.282701 0.272349
-1 0.44925 0.266244 0.284507
-1 0.45159 0.273949 0.274461
-1 0.437743 0.270174 0.292084
-1 0.452088 0.283227 0.264686
-1 0.456813 0.276443 0.266744
-1 0.455926 0.299491 0.244583
-1 0.460928 0.313917 0.225155
-1 0.464506 0.311983 0.22351
-1 0.466153 0.319628 0.214219
-1 0.466917 0.332311 0.200772
-1 0.474916 0.325862 0.199221
-1 0.472601 0.318542 0.208858
-1 0.46899 0.319866 0.211144
-1 0.471442 0.306685 0.221873
-1 0.465834 0.296889 0.237277
-1 0.483604 0.306223 0.210173
-1 0.473984 0.299472 0.226544
-1 0.453856 0.286943 0.259201
-1 0.452487 0.285128 0.262385
-1 0.475507 0.27372 0.250772
-1 0.464187 0.279129 0.256685
-1 0.462885 0.288215 0.2489
-1 0.46497 0.28391 0.25112
-1 0.45632 0.265656 0.278024
-1 0.448815 0.275807 0.275378
-1 0.454661 0.265727 0.279612
-1 0.46656 0.274216 0.259224
-1 0.495992 0.30696 0.197048
-1 0.487893 0.322354 0.189753
-1 0.490095 0.33103 0.178875
-1 0.476367 0.340888 0.182745
-1 0.479767 0.319063 0.20117
-1 0.465704 0.323443 0.210853
-1 0.494284 0.300734 0.204981
-1 0.490659 0.30773 0.201611
-1 0.492953 0.309964 0.197083
-1 0.498738 0.330881 0.170381
-1 0.479518 0.313511 0.206971
-1 0.503497 0.325831 0.170672
-1 0.528068 0.318257 0.153675
-1 0.527564 0.315234 0.157202
-1 0.512256 0.304248 0.183497
-1 0.494452 0.299311 0.206237
-1 0.482018 0.283476 0.234506
-1 0.487087 0.288302 0.224611
-1 0.497422 0.301603 0.200975
-1 0.506333 0.316867 0.1768
-1 0.515783 0.337871 0.146346
-1 0.51139 0.376593 0.112017
-1 0.495407 0.384532 0.12006
-1 0.494479 0.38286 0.122661
-1 0.494552 0.38303 0.122419
-1 0.513382 0.36325 0.123368
-1 0.483794 0.372921 0.143286
-1 0.486224 0.37004 0.143736
-1 0.502659 0.383581 0.11376
-1 0.501885 0.393236 0.104879
-1 0.4787 0.430662 0.0906385
-1 0.474419 0.426079 0.0995014
-1 0.457587 0.428127 0.114286
-1 0.481661 0.404856 0.113482
-1 0.484755 0.407927 0.107319
-1 0.489383 0.389313 0.121303
-1 0.485286 0.394251 0.120463
-1 0.487585 0.39045 0.121964
-1 0.479497 0.406137 0.114366
-1 0.499745 0.39567 0.104585
-1 0.506103 0.398868 0.0950283
-1 0.50655 0.399601 0.0938488
-1 0.478401 0.462431 0.0591683
-1 0.479067 0.44641 0.0745225
-1 0.490572 0.423568 0.0858601
-1 0.473838 0.435243 0.0909193
-1 0.489526 0.403319 0.107155
-1 0.478037 0.404509 0.117454
-1 0.485831 0.39965 0.114519
-1 0.486987 0.392008 0.121005
-1 0.47756 0.381658 0.140782
-1 0.470964 0.406772 0.122264
-1 0.466904 0.374378 0.158718
-1 0.468209 0.366196 0.165595
-1 0.476044 0.35069 0.173266
-1 0.484645 0.333925 0.181431
-1 0.474118 0.324134 0.201748
-1 0.46747 0.329946 0.202584
-1 0.472869 0.323289 0.203842
-1 0.468365 0.329952 0.201683
-1 0.480608 0.351083 0.16831
-1 0.479483 0.338815 0.181702
-1 0.465675 0.324359 0.209965
-1 0.478769 0.330761 0.190469
-1 0.495033 0.324587 0.18038
-1 0.493358 0.324866 0.181776
-1 0.463757 0.324818 0.211425
-1 0.457013 0.307136 0.235851
-1 0.459135 0.2901 0.250766
-1 0.486409 0.301249 0.212342
-1 0.474514 0.316873 0.208613
-1 0.462003 0.311615 0.226382
-1 0.473068 0.327978 0.198954
-1 0.485819 0.336014 0.178167
-1 0.500655 0.356237 0.143108
-1 0.507255 0.345324 0.147421
-1 0.496348 0.330813 0.172839
-1 0.495749 0.321957 0.182294
-1 0.49942 0.313287 0.187293
-1 0.498977 0.308635 0.192389
-1 0.495131 0.300915 0.203954
-1 0.49231 0.29646 0.21123
-1 0.483483 0.302032 0.214485
-1 0.510381 0.309648 0.179971
-1 0.514022 0.317999 0.167979
-1 0.488149 0.312073 0.199777
-1 0.499536 0.319735 0.180729
-1 0.517435 0.31946 0.163105
-1 0.517805 0.323616 0.15858
-1 0.498061 0.343582 0.158357
-1 0.496313 0.343799 0.159888
-1 0.481925 0.332193 0.185882
-1 0.472697 0.334635 0.192668
-1 0.480833 0.339835 0.179333
-1 0.468771 0.326481 0.204748
-1 0.466117 0.325626 0.208257
-1 0.484265 0.335273 0.180462
-1 0.488095 0.340528 0.171377
-1 0.469769 0.35824 0.171991
-1 0.481753 0.359725 0.158522
-1 0.492523 0.343916 0.163561
-1 0.505536 0.36595 0.128513
-1 0.512308 0.373178 0.114514
-1 0.506372 0.345813 0.147815
-1 0.487036 0.35101 0.161955
-1 0.517652 0.339706 0.142642
-1 0.519454 0.340286 0.14026
-1 0.496665 0.377553 0.125782
-1 0.481351 0.389363 0.129287
-1 0.473547 0.375081 0.151372
-1 0.465053 0.398814 0.136132
-1 0.474184 0.400534 0.125282
-1 0.468908 0.404385 0.126707
-1 0.467023 0.41002 0.122957
-1 0.451597 0.418392 0.130011
-1 0.448148 0.391908 0.159945
-1 0.448853 0.393148 0.158
-1 0.468236 0.365109 0.166655
-1 0.465224 0.369588 0.165188
-1 0.458845 0.378956 0.162199
-1 0.466788 0.38846 0.144752
-1 0.481221 0.381297 0.137482
-1 0.492109 0.388996 0.118895
-1 0.510966 0.381654 0.10738
-1 0.515883 0.366326 0.117791
-1 0.504573 0.369956 0.125471
-1 0.486809 0.367352 0.145839
-1 0.491256 0.367679 0.141064
-1 0.495305 0.36282 0.141876
-1 0.477367 0.352279 0.170354
-1 0.461261 0.351291 0.187448
-1 0.470284 0.338675 0.191041
-1 0.479697 0.371211 0.149092
-1 0.465021 0.37533 0.159649
-1 0.469533 0.379435 0.151032
-1 0.480414 0.370015 0.149571
-1 0.506748 0.371545 0.121707
-1 0.500796 0.378488 0.120716
-1 0.51991 0.360992 0.119098
-1 0.522096 0.366689 0.111215
-1 0.523144 0.371959 0.104896
-1 0.498405 0.4138 0.0877951
-1 0.478027 0.44854 0.0734334
1 0.418515 0.516618 0.0648677
1 0.417796 0.501459 0.0807447
1 0.406709 0.527801 0.0654895
1 0.405201 0.533477 0.061322
1 0.405215 0.530901 0.0638845
1 0.416258 0.519408 0.0643343
1 0.387266 0.552964 0.0597701
1 0.403162 0.535383 0.0614551
1 0.357945 0.594018 0.0480368
1 0.387952 0.564381 0.0476668
1 0.370944 0.568722 0.0603342
1 0.397862 0.542068 0.0600708
1 0.396022 0.555404 0.0485746
1 0.416437 0.522557 0.0610054
1 0.404208 0.528108 0.0676842
1 0.412477 0.50501 0.082513
1 0.402225 0.507531 0.0902437
1 0.400469 0.511828 0.0877028
1 0.406795 0.520058 0.0731465
1 0.437977 0.487254 0.0747696
1 0.430006 0.502294 0.0677003
1 0.418899 0.503349 0.0777517
1 0.430307 0.484879 0.0848138
1 0.449546 0.452529 0.0979248
-1 0.46806 0.448349 0.083591
1 0.444195 0.491296 0.0645089
1 0.439234 0.470183 0.0905826
1 0.421709 0.451516 0.126775
1 0.430178 0.451114 0.118708
1 0.442519 0.449591 0.10789
-1 0.439017 0.434198 0.126785
1 0.449862 0.45222 0.0979182
-1 0.462866 0.445821 0.0913137
1 0.443871 0.471418 0.0847115
1 0.420495 0.487126 0.0923796
1 0.440525 0.445134 0.114342
-1 0.447139 0.425709 0.127151
-1 0.450574 0.414059 0.135367
-1 0.448059 0.436823 0.115118
-1 0.437416 0.424655 0.13793
1 0.41827 0.450489 0.131241
1 0.413936 0.42482 0.161244
1 0.413848 0.415417 0.170735
-1 0.419209 0.371416 0.209375
-1 0.433877 0.368492 0.197631
-1 0.428145 0.368604 0.20325
-1 0.431444 0.357776 0.21078
-1 0.409373 0.375811 0.214816
-1 0.426014 0.348325 0.225661
-1 0.432523 0.348402 0.219075
-1 0.454503 0.337816 0.207681
-1 0.443812 0.334468 0.22172
-1 0.417075 0.294772 0.288153
-1 0.404776 0.282765 0.312459
-1 0.422158 0.254878 0.322965
-1 0.418602 0.263188 0.31821
-1 0.396538 0.278862 0.3246
-1 0.407797 0.286541 0.305661
-1 0.391427 0.29554 0.313033
-1 0.40992 0.313033 0.277047
-1 0.450868 0.336179 0.212953
-1 0.447296 0.295697 0.257008
-1 0.418422 0.292891 0.288687
-1 0.431767 0.285674 0.282559
-1 0.460818 0.266829 0.272352
-1 0.461067 0.306623 0.23231
-1 0.445902 0.306283 0.247815
-1 0.408546 0.276632 0.314822
-1 0.402204 0.246433 0.351363
-1 0.457034 0.271297 0.271669
-1 0.445037 0.258687 0.296276
-1 0.437867 0.279055 0.283079
-1 0.451496 0.310699 0.237805
-1 0.439219 0.3204 0.240381
-1 0.430837 0.379463 0.1897
-1 0.423019 0.378849 0.198132
-1 0.42959 0.391729 0.178681
-1 0.412857 0.383944 0.203199
-1 0.417365 0.367538 0.215098
-1 0.409751 0.400967 0.189282
-1 0.412458 0.34357 0.243971
-1 0.398991 0.359383 0.241626
-1 0.406107 0.353579 0.240314
-1 0.413389 0.394534 0.192077
-1 0.393763 0.351105 0.255132
-1 0.400218 0.376017 0.223765
-1 0.418027 0.357979 0.223994
-1 0.426421 0.323468 0.250111
-1 0.423451 0.351432 0.225117
-1 0.427577 0.307128 0.265295
-1 0.430893 0.331244 0.237863
-1 0.411743 0.321165 0.267092
-1 0.405771 0.37995 0.214279
-1 0.391221 0.35507 0.253709
-1 0.363558 0.306152 0.33029
-1 0.355491 0.301921 0.342589
-1 0.377104 0.26056 0.362336
-1 0.375516 0.275866 0.348618
0 0.354577 0.276015 0.369408
-1 0.361319 0.302021 0.33666
0 0.3386 0.28176 0.379641
-1 0.353547 0.300496 0.345957
-1 0.385284 0.31061 0.304106
-1 0.37232 0.258091 0.369589
0 0.345796 0.245677 0.408526
0 0.336548 0.215808 0.447643
0 0.35192 0.198066 0.450014
0 0.33721 0.200897 0.461893
0 0.315771 0.187657 0.496572
0 0.29327 0.181408 0.525322
0 0.29348 0.17248 0.53404
0 0.321502 0.195638 0.48286
0 0.346142 0.223826 0.430032
0 0.330557 0.207807 0.461636
0 0.312001 0.196437 0.491562
0 0.318104 0.187406 0.49449
0 0.35541 0.196871 0.447719
0 0.35124 0.215064 0.433696
0 0.374098 0.233274 0.392628
-1 0.375308 0.265945 0.358746
-1 0.387302 0.27987 0.332828
-1 0.422351 0.317726 0.259923
-1 0.424802 0.303088 0.272111
-1 0.427107 0.31039 0.262503
-1 0.432977 0.323649 0.243374
-1 0.467291 0.324351 0.208358
-1 0.462308 0.329 0.208692
-1 0.461591 0.336664 0.201745
-1 0.459502 0.337766 0.202733
-1 0.48181 0.335036 0.183154
-1 0.476967 0.354447 0.168586
-1 0.481985 0.331956 0.186059
-1 0.476341 0.328175 0.195483
-1 0.488174 0.300968 0.210857
-1 0.491468 0.299514 0.209019
-1 0.490066 0.280001 0.229933
-1 0.476905 0.277061 0.246033
-1 0.453978 0.260025 0.285996
-1 0.479525 0.255362 0.265112
-1 0.475163 0.248535 0.276302
-1 0.47289 0.259011 0.268099
-1 0.488154 0.280425 0.231421
-1 0.468483 0.268796 0.26272
-1 0.448631 0.258567 0.292802
-1 0.456152 0.252203 0.291644
-1 0.477198 0.242156 0.280646
-1 0.454704 0.2288 0.316496
-1 0.421346 0.214719 0.363934
-1 0.411009 0.207769 0.381222
-1 0.446754 0.212346 0.3409
-1 0.440151 0.244936 0.314913
-1 0.450275 0.252905 0.29682
-1 0.447191 0.246117 0.306692
-1 0.422309 0.22452 0.353171
-1 0.427111 0.228548 0.34434
-1 0.470801 0.235723 0.293475
-1 0.456977 0.223087 0.319936
-1 0.419841 0.225964 0.354195
-1 0.447084 0.269018 0.283897
-1 0.440934 0.265393 0.293673
-1 0.435552 0.275302 0.289146
-1 0.461708 0.315291 0.223001
-1 0.475556 0.316528 0.207916
-1 0.446103 0.307068 0.246829
-1 0.464225 0.333677 0.202098
-1 0.467198 0.32505 0.207752
-1 0.453741 0.317994 0.228265
-1 0.451458 0.344977 0.203565
-1 0.438385 0.303729 0.257886
-1 0.435077 0.287498 0.277425
-1 0.44909 0.342515 0.208395
-1 0.447632 0.344297 0.20807
-1 0.420761 0.343517 0.235722
-1 0.433692 0.368526 0.197783
-1 0.44352 0.366982 0.189499
-1 0.439991 0.355147 0.204862
-1 0.432284 0.351711 0.216005
-1 0.449568 0.341159 0.209272
-1 0.445532 0.359405 0.195063
-1 0.433896 0.374332 0.191772
-1 0.406901 0.347945 0.245154
-1 0.408793 0.333373 0.257835
-1 0.429787 0.31821 0.252003
-1 0.442952 0.359345 0.197704
-1 0.442496 0.359761 0.197743
-1 0.449042 0.346312 0.204646
-1 0.430539 0.354314 0.215147
-1 0.454768 0.365421 0.179811
-1 0.454247 0.364367 0.181386
-1 0.454261 0.332095 0.213644
-1 0.447985 0.37232 0.179695
-1 0.433556 0.335194 0.231249
-1 0.42954 0.372009 0.198451
-1 0.419368 0.370885 0.209747
-1 0.424172 0.350288 0.225541
-1 0.412534 0.378707 0.208759
-1 0.424172 0.389232 0.186596
-1 0.415929 0.411638 0.172433
-1 0.404439 0.389863 0.205698
1 0.386252 0.386685 0.227063
-1 0.400676 0.360744 0.23858
-1 0.411899 0.371244 0.216857
-1 0.423655 0.394089 0.182256
-1 0.419429 0.410679 0.169893
-1 0.413567 0.402759 0.183674
1 0.389532 0.409291 0.201177
-1 0.416206 0.392246 0.191548
-1 0.430508 0.388838 0.180654
-1 0.424326 0.326349 0.249325
-1 0.407393 0.329516 0.263091
-1 0.399313 0.29366 0.307027
-1 0.387769 0.288312 0.323919
-1 0.368733 0.27733 0.353937
0 0.358548 0.256759 0.384693
0 0.365583 0.246266 0.388151
0 0.354788 0.242904 0.402308
0 0.35619 0.26187 0.38194
0 0.361 0.252156 0.386844
0 0.370912 0.253189 0.375899
0 0.36506 0.251787 0.383153
0 0.35918 0.239133 0.401687
0 0.366049 0.242433 0.391518
0 0.34793 0.2072 0.44487
0 0.331096 0.196107 0.472797
0 0.31866 0.18031 0.501029
0 0.323793 0.178446 0.497762
0 0.310657 0.190349 0.498994
0 0.326007 0.208718 0.465274
0 0.33371 0.222165 0.444126
0 0.360798 0.229425 0.409778
0 0.370244 0.237827 0.39193
-1 0.392519 0.246795 0.360686
-1 0.395422 0.250908 0.35367
-1 0.399425 0.246664 0.353911
0 0.37119 0.248423 0.380387
-1 0.395278 0.259698 0.345024
0 0.371259 0.249002 0.379739
0 0.356154 0.219965 0.423881
-1 0.382264 0.276486 0.34125
-1 0.393367 0.253041 0.353592
-1 0.376294 0.289166 0.33454
-1 0.378308 0.298832 0.322861
-1 0.368879 0.269011 0.36211
0 0.353108 0.232408 0.414484
0 0.359528 0.234881 0.405591
0 0.368717 0.221654 0.409629
0 0.353236 0.225857 0.420907
0 0.352384 0.24486 0.402756
0 0.328676 0.251964 0.41936
0 0.340208 0.238437 0.421354
0 0.343702 0.234488 0.421811
0 0.342789 0.2201 0.437112
0 0.356008 0.22805 0.415942
0 0.346779 0.212507 0.440714
0 0.326891 0.210352 0.462757
0 0.335006 0.205036 0.459958
0 0.341409 0.199819 0.458772
0 0.347323 0.206964 0.445713
0 0.339743 0.194334 0.465924
0 0.319859 0.184611 0.49553
0 0.324625 0.168256 0.50712
0 0.339228 0.171918 0.488854
0 0.323793 0.167241 0.508967
0 0.356398 0.189162 0.45444
0 0.331563 0.177522 0.490914
0 0.327122 0.17889 0.493988
0 0.328895 0.185206 0.4859
0 0.324055 0.1625 0.513445
0 0.314608 0.160757 0.524634
0 0.356691 0.178143 0.465166
0 0.371584 0.203827 0.424589
0 0.317182 0.182833 0.499985
0 0.30431 0.181094 0.514595
0 0.331154 0.168401 0.500445
0 0.348798 0.166378 0.484825
0 0.338306 0.170453 0.491241
0 0.325723 0.177355 0.496922
0 0.33152 0.190509 0.477971
0 0.353393 0.218373 0.428235
0 0.372894 0.22523 0.401875
0 0.375323 0.236741 0.387936
0 0.376595 0.21341 0.409995
0 0.36776 0.21078 0.42146
0 0.367889 0.210758 0.421354
-1 0.404496 0.214223 0.381282
0 0.387872 0.201946 0.410182
0 0.359696 0.196826 0.443478
0 0.375532 0.201496 0.422972
0 0.368205 0.174043 0.457752
0 0.364377 0.183995 0.451628
0 0.353622 0.176846 0.469532
0 0.339121 0.168169 0.492709
0 0.353251 0.191528 0.455221
0 0.382352 0.207304 0.410345
-1 0.399868 0.228256 0.371876
-1 0.395239 0.253727 0.351033
-1 0.414015 0.262732 0.323252
-1 0.391911 0.249501 0.358588
-1 0.404899 0.257188 0.337914
-1 0.412989 0.262798 0.324212
-1 0.421907 0.261634 0.316459
-1 0.419746 0.295992 0.284262
-1 0.422324 0.300158 0.277519
-1 0.420175 0.322392 0.257434
-1 0.427706 0.3406 0.231694
-1 0.426061 0.39402 0.179919
-1 0.425127 0.394147 0.180726
-1 0.409557 0.381536 0.208907
-1 0.409767 0.38928 0.200953
-1 0.4136 0.394673 0.191726
-1 0.41587 0.371005 0.213125
-1 0.414261 0.375701 0.210038
-1 0.413878 0.353424 0.232698
-1 0.390775 0.329189 0.280036
-1 0.395831 0.334334 0.269835
-1 0.397842 0.323482 0.278675
-1 0.398862 0.300535 0.300603
-1 0.420459 0.336994 0.242547
-1 0.422208 0.32409 0.253701
-1 0.401439 0.318451 0.28011
-1 0.411729 0.320003 0.268268
-1 0.430493 0.296133 0.273374
-1 0.414042 0.287428 0.29853
-1 0.423988 0.311146 0.264866
-1 0.414423 0.295175 0.290402
0 0.345936 0.246742 0.407321
0 0.333181 0.255628 0.41119
0 0.364211 0.223778 0.412012
0 0.362178 0.235996 0.401826
0 0.327166 0.246871 0.425963
0 0.332185 0.258951 0.408864
0 0.331305 0.271617 0.397078
0 0.353655 0.290079 0.356266
-1 0.360173 0.294529 0.345298
-1 0.369975 0.275333 0.354692
0 0.36735 0.247149 0.3855
0 0.371683 0.246319 0.381998
0 0.366419 0.248256 0.385325
0 0.360104 0.225982 0.413913
0 0.343166 0.21612 0.440714
0 0.373539 0.213693 0.412768
-1 0.397187 0.220299 0.382513
0 0.369771 0.206061 0.424168
0 0.346437 0.19903 0.454533
0 0.37238 0.200787 0.426832
-1 0.407073 0.213557 0.37937
0 0.386088 0.211742 0.402169
0 0.364196 0.20356 0.432244
0 0.338334 0.180257 0.481409
0 0.333764 0.164318 0.501917
0 0.34526 0.160723 0.494017
0 0.335964 0.149148 0.514888
0 0.303246 0.149075 0.54768
0 0.307321 0.157118 0.535561
0 0.332386 0.183308 0.484307
0 0.353336 0.195564 0.4511
0 0.367623 0.212934 0.419443
0 0.35791 0.198249 0.443841
0 0.340372 0.183682 0.475946
0 0.347878 0.174384 0.477738
0 0.3591 0.175703 0.465197
0 0.380349 0.18976 0.429891
0 0.390022 0.20015 0.409827
-1 0.402823 0.234301 0.362876
0 0.361947 0.22699 0.411063
0 0.372759 0.218352 0.408889
0 0.390409 0.207731 0.40186
0 0.404354 0.187966 0.40768
0 0.392953 0.202432 0.404615
0 0.393698 0.205361 0.400941
0 0.36739 0.198621 0.433989
0 0.340671 0.179139 0.48019
0 0.364081 0.189175 0.446744
0 0.362589 0.163433 0.473978
0 0.351669 0.16819 0.480142
0 0.326238 0.168083 0.505679
0 0.335933 0.18069 0.483377
0 0.340761 0.184265 0.474974
0 0.348274 0.197608 0.454119
0 0.339463 0.193688 0.46685
0 0.337706 0.176213 0.486081
0 0.355127 0.189813 0.455059
0 0.366257 0.186327 0.447416
0 0.343077 0.181365 0.475558
0 0.340774 0.182197 0.477029
0 0.384467 0.190956 0.424577
0 0.377199 0.187222 0.435579
0 0.344937 0.185003 0.470061
0 0.383871 0.208428 0.4077
0 0.381035 0.193291 0.425675
0 0.365783 0.192777 0.44144
0 0.354401 0.192878 0.452721
0 0.360594 0.169519 0.469887
0 0.354261 0.18666 0.459079
-1 0.39445 0.214201 0.391349
-1 0.413523 0.230765 0.355712
-1 0.410346 0.230791 0.358863
-1 0.432314 0.2603 0.307386
-1 0.454684 0.26494 0.280376
-1 0.439246 0.260756 0.299998
-1 0.441901 0.269864 0.288235
-1 0.436872 0.266789 0.296339
-1 0.442596 0.259476 0.297928
-1 0.416778 0.252774 0.330448
-1 0.41152 0.243137 0.345343
-1 0.402176 0.231221 0.366603
-1 0.405942 0.233081 0.360977
-1 0.392134 0.231851 0.376016
-1 0.392704 0.22416 0.383137
-1 0.388994 0.230159 0.380847
0 0.381903 0.219756 0.398341
-1 0.427514 0.270152 0.302334
-1 0.449328 0.269159 0.281513
-1 0.429679 0.276706 0.293614
-1 0.386953 0.250799 0.362248
-1 0.416503 0.248438 0.335059
-1 0.436996 0.240964 0.32204
-1 0.418035 0.24436 0.337605
-1 0.390541 0.250736 0.358722
-1 0.392356 0.23713 0.370514
0 0.377773 0.231452 0.390775
0 0.369839 0.2334 0.396761
-1 0.404514 0.240797 0.354688
-1 0.389361 0.224602 0.386037
0 0.368485 0.233802 0.397713
-1 0.380906 0.25366 0.365434
-1 0.389921 0.236256 0.373823
0 0.371482 0.23076 0.397758
0 0.377318 0.232351 0.390331
0 0.376362 0.220315 0.403324
0 0.372133 0.211438 0.416429
0 0.364084 0.219232 0.416683
0 0.353696 0.212189 0.434115
0 0.351023 0.21539 0.433587
0 0.36227 0.213109 0.424621
0 0.377945 0.222795 0.39926
0 0.367124 0.222721 0.410156
0 0.354416 0.209363 0.436221
0 0.347029 0.209702 0.443269
0 0.371652 0.208325 0.420023
0 0.376314 0.21179 0.411896
0 0.364901 0.209015 0.426083
0 0.358891 0.210146 0.430962
-1 0.413144 0.239151 0.347705
-1 0.425657 0.254602 0.319741
-1 0.389779 0.249869 0.360352
-1 0.378877 0.244084 0.377039
-1 0.396952 0.209553 0.393495
-1 0.420009 0.219807 0.360184
-1 0.418721 0.236386 0.344894
-1 0.429011 0.247808 0.323181
-1 0.408362 0.252902 0.338736
-1 0.435168 0.265732 0.2991
-1 0.452291 0.284975 0.262734
-1 0.454916 0.285437 0.259647
-1 0.442619 0.281453 0.275928
-1 0.440496 0.282614 0.27689
-1 0.470421 0.312616 0.216964
-1 0.46606 0.330644 0.203295
-1 0.442758 0.326357 0.230885
-1 0.437821 0.328211 0.233968
-1 0.447542 0.318386 0.234072
-1 0.46565 0.335203 0.199147
-1 0.463628 0.362464 0.173908
-1 0.461135 0.366783 0.172082
-1 0.448115 0.401249 0.150636
-1 0.432415 0.400633 0.166952
-1 0.425565 0.381384 0.193051
-1 0.425831 0.348621 0.225548
-1 0.439226 0.338453 0.22232
-1 0.447976 0.329543 0.222481
-1 0.44366 0.368795 0.187545
-1 0.436916 0.377079 0.186005
-1 0.429338 0.3552 0.215462
-1 0.443884 0.373518 0.182598
-1 0.461146 0.334424 0.20443
-1 0.457907 0.314421 0.227672
-1 0.433339 0.295154 0.271507
-1 0.44225 0.264719 0.293031
-1 0.422739 0.263176 0.314085
-1 0.422023 0.274896 0.303082
-1 0.412998 0.287187 0.299816
-1 0.420827 0.282971 0.296202
-1 0.441128 0.312621 0.246251
-1 0.44121 0.289161 0.269629
-1 0.415722 0.281729 0.302549
-1 0.423594 0.266776 0.309631
-1 0.446981 0.252227 0.300792
-1 0.442576 0.251748 0.305676
-1 0.439191 0.266054 0.294754
-1 0.417348 0.24877 0.333882
-1 0.413225 0.25407 0.332704
-1 0.442755 0.268648 0.288597
-1 0.444997 0.26135 0.293653
-1 0.41205 0.26011 0.32784
-1 0.44355 0.276233 0.280217
-1 0.463139 0.291822 0.245038
-1 0.447506 0.298431 0.254063
-1 0.447862 0.335528 0.216609
-1 0.43868 0.315298 0.246023
-1 0.425493 0.297544 0.276963
-1 0.436696 0.313642 0.249662
-1 0.464934 0.312942 0.222124
-1 0.447106 0.31046 0.242434
-1 0.437986 0.329844 0.232169
-1 0.453911 0.351162 0.194928
-1 0.451881 0.348679 0.199439
-1 0.436328 0.351834 0.211838
-1 0.441721 0.327567 0.230713
-1 0.4577 0.319998 0.222302
-1 0.455526 0.319376 0.225098
-1 0.42915 0.316972 0.253878
-1 0.413355 0.293103 0.293542
-1 0.422523 0.27806 0.299418
-1 0.426638 0.279459 0.293903
-1 0.417691 0.283031 0.299278
-1 0.398116 0.273537 0.328347
-1 0.391217 0.271199 0.337585
-1 0.395879 0.282075 0.322046
-1 0.398973 0.284561 0.316467
-1 0.392426 0.273134 0.33444
-1 0.386424 0.252757 0.360819
-1 0.402094 0.252926 0.34498
-1 0.409199 0.244146 0.346655
0 0.377995 0.228119 0.393886
0 0.358002 0.217975 0.424023
0 0.394976 0.209133 0.395891
0 0.382328 0.199112 0.41856
0 0.352266 0.204188 0.443546
0 0.365165 0.201815 0.433019
-1 0.399218 0.211201 0.389581
0 0.379447 0.213476 0.407078
-1 0.388048 0.225951 0.386001
0 0.382967 0.216442 0.400591
0 0.385767 0.197146 0.417087
0 0.362207 0.205484 0.432309
0 0.366434 0.192966 0.4406
0 0.390858 0.193815 0.415328
0 0.377693 0.191401 0.430906
0 0.377449 0.229498 0.393053
-1 0.391376 0.229243 0.379381
-1 0.422948 0.257338 0.319714
-1 0.41015 0.242827 0.347023
-1 0.420721 0.25194 0.327339
-1 0.423234 0.226876 0.34989
-1 0.406359 0.200587 0.393054
-1 0.397834 0.211944 0.390222
-1 0.408878 0.20246 0.388662
-1 0.403835 0.208447 0.387718
0 0.385204 0.207849 0.406947
-1 0.422727 0.232212 0.345061
-1 0.405455 0.213164 0.381381
-1 0.399499 0.213866 0.386636
0 0.385849 0.203044 0.411107
0 0.400811 0.188324 0.410865
-1 0.419005 0.214147 0.366848
-1 0.425609 0.223739 0.350653
-1 0.433041 0.260187 0.306772
-1 0.416926 0.264808 0.318266
-1 0.434425 0.267935 0.29764
-1 0.444927 0.27344 0.281633
-1 0.464265 0.280114 0.255621
-1 0.448877 0.296567 0.254556
-1 0.449958 0.311972 0.23807
-1 0.443928 0.327987 0.228086
-1 0.433788 0.311471 0.254741
-1 0.435465 0.318791 0.245744
-1 0.433829 0.28494 0.281232
-1 0.44415 0.297327 0.258522
-1 0.471863 0.325496 0.202641
-1 0.467936 0.333641 0.198423
-1 0.434886 0.323925 0.241189
-1 0.426057 0.321849 0.252094
-1 0.438821 0.287496 0.273683
-1 0.438275 0.268181 0.293544
-1 0.431131 0.270356 0.298513
-1 0.419124 0.267696 0.313181
-1 0.415653 0.269106 0.315241
-1 0.40932 0.285861 0.30482
-1 0.425841 0.290081 0.284078
-1 0.432206 0.274473 0.293321
-1 0.415979 0.253423 0.330598
-1 0.399691 0.248156 0.352154
-1 0.423217 0.237277 0.339507
-1 0.438149 0.246095 0.315756
-1 0.423895 0.245476 0.330629
-1 0.427218 0.265675 0.307107
-1 0.411758 0.252145 0.336097
-1 0.419638 0.254701 0.325661
-1 0.400911 0.249804 0.349285
-1 0.408039 0.232653 0.359308
-1 0.390802 0.226973 0.382225
-1 0.39565 0.220813 0.383536
-1 0.396687 0.228907 0.374406
-1 0.390887 0.221558 0.387555
-1 0.390194 0.238458 0.371348
-1 0.388638 0.235718 0.375645
-1 0.403519 0.253849 0.342631
-1 0.409678 0.252086 0.338236
-1 0.430862 0.262828 0.30631
-1 0.439952 0.26313 0.296919
-1 0.430377 0.255664 0.313959
-1 0.401744 0.247621 0.350635
-1 0.427425 0.255141 0.317434
-1 0.440017 0.250968 0.309015
-1 0.418534 0.244209 0.337257
-1 0.413622 0.252712 0.333666
-1 0.408159 0.231511 0.360331
-1 0.410426 0.237963 0.35161
-1 0.431376 0.258812 0.309812
-1 0.44032 0.259033 0.300647
-1 0.440934 0.268772 0.290294
-1 0.451841 0.267272 0.280887
-1 0.46978 0.270817 0.259403
-1 0.464098 0.266412 0.26949
-1 0.49968 0.283584 0.216735
-1 0.50355 0.296698 0.199752
-1 0.486594 0.294128 0.219278
-1 0.457885 0.304475 0.237641
-1 0.467588 0.286913 0.245499
-1 0.472314 0.278289 0.249396
-1 0.450127 0.259332 0.290541
-1 0.456829 0.273138 0.270033
-1 0.447094 0.261335 0.29157
-1 0.441044 0.276132 0.282824
-1 0.436954 0.287343 0.275703
-1 0.443215 0.271737 0.285047
-1 0.453234 0.276834 0.269932
-1 0.447189 0.268405 0.284405
-1 0.452622 0.277902 0.269476
-1 0.44889 0.2634 0.28771
-1 0.448954 0.258205 0.29284
-1 0.424718 0.252641 0.322641
-1 0.447927 0.253377 0.298696
-1 0.457154 0.25749 0.285355
-1 0.424058 0.245686 0.330256
-1 0.404701 0.25545 0.339849
-1 0.419695 0.246387 0.333918
-1 0.455491 0.260735 0.283773
-1 0.441807 0.260708 0.297485
-1 0.434178 0.267914 0.297908
-1 0.422974 0.24933 0.327695
-1 0.443278 0.254197 0.302525
-1 0.454649 0.2589 0.286451
-1 0.448618 0.25817 0.293212
-1 0.450999 0.266062 0.282938
-1 0.476612 0.271949 0.251439
-1 0.480956 0.287199 0.231845
-1 0.455962 0.293233 0.250804
-1 0.441046 0.284242 0.274712
-1 0.436631 0.260143 0.303226
-1 0.448239 0.247465 0.304296
-1 0.452767 0.259183 0.28805
-1 0.441153 0.268906 0.289941
-1 0.438663 0.281259 0.280078
-1 0.440886 0.29048 0.268633
-1 0.455882 0.301585 0.242533
-1 0.458352 0.298978 0.242669
-1 0.454122 0.279262 0.266616
-1 0.435964 0.267574 0.296462
-1 0.432835 0.264274 0.30289
-1 0.445624 0.269215 0.285161
-1 0.460326 0.264767 0.274907
-1 0.432334 0.25767 0.309996
-1 0.415372 0.255255 0.329372
-1 0.416169 0.247259 0.336572
-1 0.429645 0.233182 0.337174
-1 0.42736 0.23793 0.33471
-1 0.418705 0.228736 0.352559
-1 0.419384 0.243693 0.336923
-1 0.428227 0.246267 0.325506
-1 0.486876 0.291533 0.221592
-1 0.470933 0.306682 0.222385
-1 0.455961 0.295509 0.248529
-1 0.470658 0.302761 0.226581
-1 0.480431 0.276509 0.24306
-1 0.466172 0.290393 0.243435
-1 0.463007 0.284029 0.252964
-1 0.474726 0.288434 0.23684
-1 0.453705 0.277774 0.268522
-1 0.474329 0.311682 0.213989
-1 0.500547 0.310255 0.189198
-1 0.497933 0.299077 0.20299
-1 0.475851 0.313758 0.21039
-1 0.468242 0.294755 0.237003
-1 0.485003 0.282343 0.232654
-1 0.479806 0.269969 0.250225
-1 0.478194 0.272906 0.2489
-1 0.478396 0.277357 0.244247
-1 0.441526 0.269655 0.288819
-1 0.430021 0.275637 0.294342
-1 0.446257 0.268815 0.284928
-1 0.454601 0.260917 0.284482
-1 0.43389 0.272247 0.293863
-1 0.441133 0.282407 0.27646
-1 0.457072 0.284874 0.258054
-1 0.446798 0.28758 0.265623
-1 0.440935 0.298742 0.260323
-1 0.43783 0.282701 0.27947
-1 0.443678 0.274909 0.281412
-1 0.432536 0.271522 0.295942
-1 0.422999 0.273315 0.303686
-1 0.41952 0.269012 0.311468
-1 0.436336 0.265308 0.298356
-1 0.442009 0.271347 0.286644
-1 0.430198 0.270228 0.299574
-1 0.420225 0.267425 0.312349
-1 0.42202 0.269635 0.308346
-1 0.42475 0.26988 0.30537
-1 0.444657 0.274953 0.28039
-1 0.462246 0.282105 0.255648
-1 0.448175 0.281112 0.270713
-1 0.438281 0.284526 0.277193
-1 0.430663 0.271273 0.298064
-1 0.439906 0.263289 0.296805
-1 0.432004 0.259428 0.308568
-1 0.437372 0.26862 0.294007
-1 0.431963 0.281195 0.286841
-1 0.444423 0.294781 0.260796
-1 0.454986 0.315833 0.229181
-1 0.461531 0.317727 0.220743
-1 0.464206 0.320129 0.215665
-1 0.468218 0.317399 0.214382
-1 0.465129 0.315113 0.219759
-1 0.47228 0.32478 0.20294
-1 0.471823 0.321261 0.206916
-1 0.468665 0.31231 0.219026
-1 0.475822 0.317871 0.206306
-1 0.500659 0.31289 0.186451
-1 0.490497 0.31853 0.190974
-1 0.47035 0.318411 0.211239
-1 0.47509 0.313099 0.21181
-1 0.466165 0.297505 0.23633
-1 0.498062 0.311727 0.190212
-1 0.507797 0.315923 0.17628
-1 0.50205 0.326935 0.171015
-1 0.488053 0.340597 0.17135
-1 0.515881 0.3445 0.139619
-1 0.520245 0.348806 0.13095
-1 0.515389 0.338011 0.1466
-1 0.5128 0.368655 0.118545
-1 0.512185 0.363195 0.124619
-1 0.50368 0.377417 0.118903
-1 0.496014 0.387077 0.11691
-1 0.484936 0.389912 0.125152
-1 0.482651 0.373795 0.143554
-1 0.477589 0.377921 0.14449
-1 0.489018 0.372105 0.138877
-1 0.493694 0.36227 0.144036
-1 0.500429 0.379247 0.120324
-1 0.480279 0.37712 0.142601
-1 0.477301 0.359621 0.163079
-1 0.488077 0.366086 0.145837
-1 0.494317 0.338543 0.167139
-1 0.486694 0.347719 0.165587
-1 0.497223 0.328725 0.174052
-1 0.488937 0.324557 0.186506
-1 0.476567 0.332008 0.191426
-1 0.493857 0.335129 0.171014
-1 0.480811 0.323299 0.19589
-1 0.486037 0.330711 0.183251
-1 0.485245 0.331973 0.182782
-1 0.485421 0.316038 0.19854
-1 0.480828 0.321404 0.197769
-1 0.487624 0.309883 0.202493
-1 0.490625 0.314221 0.195154
-1 0.497671 0.316534 0.185795
-1 0.51163 0.330334 0.158036
-1 0.493404 0.337481 0.169115
-1 0.501992 0.350679 0.147329
-1 0.485844 0.355608 0.158548
-1 0.481982 0.344835 0.173183
-1 0.489135 0.350909 0.159956
-1 0.501857 0.35709 0.141053
-1 0.49591 0.383575 0.120515
-1 0.4899 0.384236 0.125864
-1 0.478151 0.420837 0.101012
-1 0.475551 0.418019 0.10643
-1 0.47677 0.425924 0.0973062
-1 0.471078 0.436703 0.0922191
-1 0.471573 0.427054 0.101372
-1 0.471372 0.425508 0.10312
-1 0.455631 0.420664 0.123705
-1 0.459337 0.41928 0.121384
-1 0.483203 0.40029 0.116507
-1 0.490508 0.411175 0.0983166
-1 0.485743 0.414503 0.0997536
-1 0.488607 0.424659 0.0867343
-1 0.488102 0.419211 0.0926865
-1 0.48856 0.424514 0.086926
-1 0.479471 0.442211 0.0783186
-1 0.483862 0.441128 0.0750096
-1 0.463174 0.439776 0.0970498
-1 0.461769 0.43129 0.10694
-1 0.45025 0.431797 0.117954
-1 0.455261 0.408701 0.136038
-1 0.45068 0.441095 0.108225
-1 0.464922 0.423997 0.11108
-1 0.444025 0.430405 0.12557
-1 0.438925 0.40735 0.153725
-1 0.456991 0.402179 0.14083
-1 0.46871 0.373134 0.158156
-1 0.464541 0.383359 0.1521
-1 0.475027 0.377383 0.147591
-1 0.479861 0.364092 0.156046
-1 0.479327 0.372702 0.147971
-1 0.479188 0.362468 0.158344
-1 0.463961 0.34298 0.193058
-1 0.462575 0.325033 0.212392
-1 0.497674 0.325274 0.177052
-1 0.484662 0.320649 0.194689
-1 0.464728 0.318294 0.216978
-1 0.485329 0.327382 0.18729
-1 0.493515 0.325101 0.181384
-1 0.466415 0.336293 0.197292
-1 0.447646 0.331432 0.220922
-1 0.464546 0.299044 0.23641
-1 0.470139 0.279474 0.250387
-1 0.46661 0.309642 0.223748
-1 0.462479 0.307654 0.229868
-1 0.457767 0.303424 0.238809
-1 0.456699 0.311602 0.231699
-1 0.480451 0.324757 0.194792
-1 0.503369 0.322388 0.174243
-1 0.481133 0.310709 0.208158
-1 0.453918 0.309074 0.237008
-1 0.465112 0.296065 0.238823
-1 0.484779 0.28574 0.229481
-1 0.474058 0.299847 0.226095
-1 0.493562 0.313242 0.193196
-1 0.483105 0.321561 0.195334
-1 0.482304 0.312741 0.204954
-1 0.489157 0.32357 0.187274
-1 0.502397 0.312971 0.184633
-1 0.50393 0.333396 0.162674
-1 0.487175 0.342545 0.17028
-1 0.464965 0.338509 0.196526
-1 0.446565 0.329643 0.223792
-1 0.469064 0.313415 0.217522
-1 0.466035 0.313908 0.220057
-1 0.471632 0.320059 0.208309
-1 0.470576 0.332674 0.196749
-1 0.471419 0.323487 0.205093
-1 0.465028 0.339115 0.195857
-1 0.48187 0.327251 0.190879
-1 0.476602 0.315611 0.207787
-1 0.482212 0.306432 0.211356
-1 0.505309 0.328324 0.166367
-1 0.504537 0.310903 0.18456
-1 0.458773 0.314992 0.226235
-1 0.454356 0.309214 0.236429
-1 0.483663 0.291889 0.224448
-1 0.470312 0.294119 0.235568
-1 0.470726 0.311196 0.218079
-1 0.479802 0.305053 0.215145
-1 0.477989 0.316982 0.205029
-1 0.472413 0.343793 0.183794
-1 0.475205 0.323774 0.201021
-1 0.464931 0.308259 0.22681
-1 0.476649 0.291759 0.231593
-1 0.474633 0.303619 0.221748
-1 0.477041 0.302725 0.220235
-1 0.47669 0.314389 0.208921
-1 0.474804 0.314073 0.211123
-1 0.490497 0.327978 0.181526
-1 0.501789 0.323657 0.174554
-1 0.488478 0.314099 0.197423
-1 0.46806 0.30538 0.22656
-1 0.460756 0.293142 0.246103
-1 0.466318 0.273741 0.259941
-1 0.482123 0.276187 0.241691
-1 0.484477 0.284432 0.231091
-1 0.476778 0.286543 0.23668
-1 0.458198 0.284054 0.257748
-1 0.452308 0.285743 0.26195
-1 0.456067 0.272013 0.27192
-1 0.456749 0.265884 0.277367
-1 0.449043 0.268924 0.282034
-1 0.468902 0.279236 0.251862
-1 0.478159 0.30017 0.221671
-1 0.475231 0.311943 0.212826
-1 0.474255 0.315359 0.210386
-1 0.488611 0.299679 0.21171
-1 0.477941 0.296455 0.225603
-1 0.495124 0.300238 0.204639
-1 0.504092 0.304862 0.191045
-1 0.498997 0.30282 0.198183
-1 0.471519 0.312405 0.216076
-1 0.481979 0.301469 0.216552
-1 0.500602 0.305695 0.193703
-1 0.497153 0.306594 0.196253
-1 0.468409 0.322056 0.209534
-1 0.458909 0.31211 0.228981
-1 0.481027 0.307833 0.21114
-1 0.491573 0.317736 0.190691
-1 0.501027 0.335253 0.16372
-1 0.51264 0.338039 0.149321
-1 0.515727 0.336569 0.147704
-1 0.527088 0.345457 0.127456
-1 0.524557 0.34473 0.130713
-1 0.509476 0.334551 0.155974
-1 0.509639 0.33624 0.154121
-1 0.505854 0.323252 0.170894
-1 0.487658 0.322414 0.189929
-1 0.495926 0.327778 0.176297
-1 0.50119 0.339456 0.159354
-1 0.486537 0.342211 0.171252
-1 0.482898 0.344825 0.172278
-1 0.49845 0.334291 0.167259
-1 0.521423 0.341832 0.136745
-1 0.507177 0.355939 0.136884
-1 0.517281 0.349723 0.132996
-1 0.528593 0.336284 0.135123
-1 0.536667 0.33666 0.126673
-1 0.513454 0.341081 0.145465
-1 0.496062 0.338642 0.165296
-1 0.489346 0.338488 0.172166
-1 0.497124 0.329558 0.173318
-1 0.500495 0.362544 0.136961
-1 0.500449 0.375282 0.124269
-1 0.505411 0.380463 0.114126
-1 0.504139 0.377732 0.11813
-1 0.507322 0.376669 0.116009
-1 0.51384 0.365962 0.120197
-1 0.529168 0.356531 0.114301
-1 0.534907 0.346371 0.118723
-1 0.530268 0.349761 0.119971
-1 0.512412 0.355576 0.132013
-1 0.513117 0.342531 0.144352
-1 0.518128 0.354287 0.127585
-1 0.518954 0.358567 0.122479
-1 0.50542 0.371844 0.122735
-1 0.48436 0.369646 0.145994
-1 0.490928 0.372775 0.136297
-1 0.512966 0.368454 0.11858
-1 0.50409 0.380418 0.115492
-1 0.503057 0.382299 0.114644
-1 0.506652 0.365556 0.127792
-1 0.504921 0.361418 0.133661
-1 0.504787 0.359564 0.135649
-1 0.515794 0.357846 0.12636
-1 0.529019 0.354169 0.116811
-1 0.527494 0.353144 0.119362
-1 0.530635 0.366636 0.10273
-1 0.530157 0.382848 0.0869948
-1 0.518333 0.392072 0.0895952
-1 0.507681 0.396941 0.0953785
-1 0.497955 0.418006 0.084039
-1 0.490627 0.411851 0.0975211
-1 0.481213 0.416948 0.101838
-1 0.476993 0.428564 0.0944433
-1 0.488239 0.420909 0.0908524
-1 0.476761 0.436413 0.0868257
-1 0.467104 0.454656 0.0782398
-1 0.461614 0.453328 0.0850578
-1 0.45393 0.433623 0.112447
-1 0.45217 0.434283 0.113547
-1 0.4786 0.397964 0.123436
-1 0.47587 0.401418 0.122713
-1 0.476789 0.40522 0.11799
-1 0.501285 0.411229 0.0874868
-1 0.491652 0.416531 0.0918179
-1 0.483077 0.417661 0.0992619
-1 0.495814 0.399789 0.104398
-1 0.519419 0.369991 0.110589
-1 0.520604 0.369311 0.110084
-1 0.520323 0.371996 0.107681
-1 0.513186 0.40457 0.0822433
