labels 0 1 -1
0 0.467979 0.285395 0.246626
0 0.432691 0.301928 0.265381
0 0.471207 0.279378 0.249415
0 0.437041 0.29478 0.268178
0 0.471237 0.281007 0.247756
0 0.471237 0.281007 0.247756
0 0.479474 0.276875 0.243651
0 0.443851 0.293227 0.262922
0 0.489912 0.265079 0.245009
0 0.451281 0.2842 0.264519
0 0.481285 0.272026 0.246688
0 0.445384 0.288598 0.266018
0 0.491871 0.269042 0.239086
0 0.491871 0.269042 0.239086
0 0.47982 0.275806 0.244374
0 0.47982 0.275806 0.244374
0 0.465767 0.278489 0.255744
0 0.465767 0.278489 0.255744
0 0.470607 0.268508 0.260886
0 0.470607 0.268508 0.260886
0 0.460864 0.283106 0.25603
0 0.42634 0.30194 0.27172
0 0.463132 0.282153 0.254715
0 0.463132 0.282153 0.254715
1 0.351007 0.358279 0.290713
1 0.330701 0.368211 0.301087
1 0.333299 0.362703 0.303999
1 0.31656 0.371654 0.311786
1 0.313197 0.35191 0.334893
1 0.302127 0.358989 0.338884
1 0.259982 0.382377 0.357641
1 0.259982 0.382377 0.357641
1 0.229372 0.399435 0.371193
1 0.229372 0.399435 0.371193
1 0.192876 0.419328 0.387796
1 0.19366 0.42095 0.385391
1 0.223374 0.391324 0.385303
1 0.220838 0.395587 0.383575
-1 0.221491 0.385746 0.392763
-1 0.221491 0.385746 0.392763
1 0.196101 0.409986 0.393914
1 0.196101 0.409986 0.393914
1 0.194038 0.412754 0.393209
1 0.194301 0.414979 0.39072
-1 0.198242 0.400361 0.401397
1 0.198033 0.403184 0.398783
-1 0.232557 0.375176 0.392266
-1 0.229392 0.380422 0.390185
-1 0.252205 0.365092 0.382703
-1 0.252205 0.365092 0.382703
-1 0.281607 0.356667 0.361726
1 0.274462 0.364226 0.361312
0 0.345001 0.320098 0.334902
-1 0.328583 0.333274 0.338143
0 0.372192 0.301438 0.32637
0 0.372192 0.301438 0.32637
0 0.356457 0.317012 0.326531
0 0.335813 0.331725 0.332462
0 0.393026 0.300369 0.306605
0 0.368743 0.315634 0.315623
0 0.439527 0.272105 0.288368
0 0.409147 0.290563 0.300291
0 0.443028 0.279883 0.277089
0 0.413048 0.296261 0.290691
0 0.471273 0.266489 0.262238
0 0.471273 0.266489 0.262238
0 0.46339 0.271983 0.264628
0 0.429736 0.290765 0.279499
0 0.490715 0.258031 0.251254
0 0.453098 0.278633 0.268269
0 0.48946 0.258807 0.251733
0 0.45224 0.278653 0.269107
0 0.506868 0.254834 0.238297
0 0.466978 0.275103 0.257919
0 0.509633 0.254175 0.236192
0 0.509633 0.254175 0.236192
0 0.501801 0.258367 0.239832
0 0.464198 0.277402 0.2584
0 0.50022 0.259425 0.240355
0 0.50022 0.259425 0.240355
0 0.498612 0.259717 0.241671
0 0.461696 0.278565 0.259739
0 0.508942 0.249862 0.241195
0 0.469223 0.270517 0.260261
0 0.506928 0.250849 0.242223
0 0.46674 0.271284 0.261976
0 0.5108 0.254584 0.234616
0 0.470027 0.274728 0.255245
0 0.517846 0.250055 0.232099
0 0.47597 0.270923 0.253107
0 0.503609 0.256289 0.240101
0 0.503609 0.256289 0.240101
0 0.509995 0.253112 0.236893
0 0.509995 0.253112 0.236893
0 0.50944 0.252619 0.237941
0 0.468669 0.273648 0.257683
0 0.515081 0.24909 0.235829
0 0.473335 0.27067 0.255996
0 0.51403 0.251135 0.234835
0 0.471137 0.273183 0.25568
0 0.497805 0.260267 0.241928
0 0.457182 0.280707 0.262112
0 0.501148 0.259214 0.239638
0 0.461096 0.278932 0.259973
0 0.505367 0.25586 0.238773
0 0.465701 0.275667 0.258632
0 0.503118 0.255769 0.241114
0 0.464035 0.275462 0.260503
0 0.488347 0.266432 0.245221
0 0.451485 0.284397 0.264118
0 0.497408 0.26512 0.237471
0 0.459099 0.283247 0.257654
0 0.496122 0.265477 0.238401
0 0.457915 0.28359 0.258495
0 0.485696 0.272642 0.241661
0 0.45171 0.287841 0.260449
0 0.487071 0.269217 0.243712
0 0.452823 0.284598 0.262579
0 0.480546 0.273135 0.246319
0 0.480546 0.273135 0.246319
0 0.487698 0.269683 0.242619
0 0.452627 0.285981 0.261392
0 0.503042 0.255754 0.241204
0 0.462202 0.276531 0.261267
0 0.492718 0.263423 0.243858
0 0.492718 0.263423 0.243858
0 0.500328 0.261468 0.238204
0 0.500328 0.261468 0.238204
0 0.474142 0.274275 0.251583
0 0.438558 0.292351 0.26909
0 0.464051 0.272312 0.263638
0 0.428507 0.292051 0.279442
0 0.46312 0.270948 0.265932
0 0.427171 0.290597 0.282232
0 0.478029 0.270621 0.25135
0 0.442531 0.288904 0.268565
0 0.502032 0.259197 0.238771
0 0.463754 0.280402 0.255844
0 0.514951 0.246452 0.238597
0 0.474933 0.268817 0.25625
0 0.489735 0.259714 0.250551
0 0.452209 0.280385 0.267407
0 0.487344 0.258419 0.254237
0 0.45074 0.278649 0.27061
0 0.465711 0.267922 0.266367
0 0.465711 0.267922 0.266367
0 0.442808 0.284511 0.27268
0 0.412646 0.3011 0.286254
0 0.460695 0.272451 0.266854
0 0.460695 0.272451 0.266854
0 0.428777 0.287113 0.28411
0 0.40017 0.303653 0.296177
0 0.42178 0.293865 0.284354
0 0.42178 0.293865 0.284354
0 0.392217 0.316412 0.291371
0 0.368944 0.32914 0.301916
0 0.388049 0.313283 0.298669
0 0.363119 0.328714 0.308167
0 0.3457 0.336488 0.317812
1 0.329864 0.345736 0.3244
1 0.32913 0.344152 0.326718
1 0.32913 0.344152 0.326718
1 0.322399 0.346512 0.331089
1 0.31107 0.354604 0.334326
0 0.377085 0.307142 0.315774
0 0.355888 0.322894 0.321218
0 0.37972 0.300142 0.320137
0 0.37972 0.300142 0.320137
0 0.375881 0.308661 0.315457
0 0.353724 0.324504 0.321772
0 0.398674 0.29575 0.305577
0 0.375501 0.31056 0.313939
0 0.391516 0.292551 0.315933
0 0.391516 0.292551 0.315933
0 0.339798 0.33393 0.326272
1 0.321052 0.346966 0.331982
0 0.357485 0.323114 0.319401
1 0.336352 0.337698 0.32595
0 0.338021 0.328609 0.33337
0 0.338021 0.328609 0.33337
1 0.282346 0.374055 0.343599
1 0.268821 0.383383 0.347796
1 0.303263 0.364247 0.33249
1 0.290126 0.372631 0.337243
-1 0.30483 0.346528 0.348643
1 0.292429 0.35608 0.35149
1 0.301454 0.35064 0.347905
1 0.28946 0.360118 0.350422
0 0.336442 0.328596 0.334961
1 0.320822 0.340812 0.338365
0 0.344027 0.321981 0.333993
0 0.344027 0.321981 0.333993
0 0.34042 0.325394 0.334186
1 0.323139 0.338554 0.338307
0 0.400817 0.293927 0.305256
0 0.377502 0.308623 0.313876
0 0.395884 0.300053 0.304063
0 0.371723 0.315002 0.313275
0 0.388599 0.305088 0.306313
0 0.363165 0.321872 0.314963
0 0.400499 0.296787 0.302714
0 0.400499 0.296787 0.302714
0 0.378829 0.30989 0.31128
0 0.355209 0.325914 0.318876
0 0.426823 0.287454 0.285724
0 0.398419 0.303821 0.29776
0 0.440885 0.285671 0.273444
0 0.409472 0.303434 0.287093
0 0.484044 0.261658 0.254298
0 0.447643 0.281854 0.270503
0 0.491599 0.254223 0.254178
0 0.454737 0.274529 0.270734
0 0.48156 0.26025 0.25819
0 0.446465 0.279125 0.27441
0 0.481411 0.261408 0.257182
0 0.448363 0.279205 0.272432
0 0.506408 0.251782 0.241809
0 0.468943 0.271767 0.25929
0 0.497068 0.257499 0.245432
0 0.460717 0.276485 0.262798
0 0.513035 0.250393 0.236573
0 0.474315 0.270277 0.255408
0 0.514066 0.249154 0.23678
0 0.474577 0.269788 0.255635
0 0.501467 0.253989 0.244544
0 0.464916 0.27368 0.261404
0 0.513635 0.246327 0.240037
0 0.513635 0.246327 0.240037
0 0.486587 0.267565 0.245848
0 0.452497 0.284796 0.262706
0 0.499697 0.258568 0.241735
0 0.461246 0.279013 0.259741
0 0.464839 0.278156 0.257004
0 0.432707 0.294824 0.272469
0 0.486104 0.268075 0.245821
0 0.453581 0.284518 0.261901
0 0.501453 0.257349 0.241198
0 0.465845 0.277014 0.257141
0 0.49789 0.254354 0.247756
0 0.462606 0.274304 0.26309
0 0.466221 0.271194 0.262584
0 0.433845 0.289576 0.276579
0 0.479172 0.266228 0.2546
0 0.444839 0.284952 0.270209
0 0.497378 0.256073 0.246549
0 0.497378 0.256073 0.246549
0 0.491279 0.260362 0.24836
0 0.45603 0.279124 0.264846
0 0.496974 0.259849 0.243177
0 0.460379 0.278942 0.260678
0 0.502959 0.257621 0.239419
0 0.465412 0.276733 0.257855
0 0.510499 0.254824 0.234677
0 0.471989 0.273965 0.254046
0 0.509131 0.257316 0.233553
0 0.47057 0.276117 0.253313
0 0.50584 0.257327 0.236833
0 0.468157 0.275872 0.255971
0 0.499788 0.259227 0.240984
0 0.499788 0.259227 0.240984
0 0.494304 0.266443 0.239253
0 0.457576 0.283935 0.258489
0 0.507277 0.25498 0.237742
0 0.469276 0.27407 0.256654
0 0.518434 0.246346 0.23522
0 0.476585 0.268254 0.255161
0 0.511361 0.254092 0.234548
0 0.511361 0.254092 0.234548
0 0.528897 0.246115 0.224988
0 0.484315 0.268634 0.247052
0 0.540585 0.238908 0.220507
0 0.494311 0.262797 0.242892
0 0.515508 0.249509 0.234983
0 0.473925 0.271091 0.254984
0 0.522746 0.245316 0.231938
0 0.480381 0.267258 0.252361
0 0.52851 0.242463 0.229027
0 0.484791 0.265133 0.250076
0 0.503083 0.258019 0.238899
0 0.463193 0.278188 0.258619
0 0.511093 0.255996 0.23291
0 0.511093 0.255996 0.23291
0 0.504646 0.258595 0.236759
0 0.465453 0.277829 0.256718
0 0.496867 0.263681 0.239452
0 0.45952 0.28192 0.25856
0 0.494044 0.264184 0.241773
0 0.494044 0.264184 0.241773
0 0.489324 0.269816 0.24086
0 0.454914 0.285165 0.259921
0 0.492955 0.265748 0.241297
0 0.456064 0.283725 0.260211
0 0.489707 0.260393 0.2499
0 0.45317 0.279474 0.267356
0 0.497584 0.255788 0.246628
0 0.458119 0.276643 0.265238
0 0.497823 0.2609 0.241277
0 0.45668 0.281992 0.261327
0 0.507631 0.255386 0.236983
0 0.507631 0.255386 0.236983
0 0.503911 0.257948 0.238141
0 0.461934 0.278951 0.259115
0 0.517421 0.24706 0.235519
0 0.475583 0.26873 0.255687
0 0.509359 0.251492 0.239149
0 0.468886 0.272948 0.258166
0 0.520084 0.24481 0.235107
0 0.477325 0.267441 0.255234
0 0.49131 0.260724 0.247966
0 0.49131 0.260724 0.247966
0 0.454244 0.283173 0.262583
0 0.454244 0.283173 0.262583
0 0.454203 0.279122 0.266674
0 0.421987 0.297057 0.280956
0 0.446885 0.278012 0.275103
0 0.417309 0.294148 0.288543
0 0.453689 0.284583 0.261728
0 0.453689 0.284583 0.261728
0 0.412532 0.313379 0.274089
0 0.386697 0.32772 0.285583
0 0.435804 0.289991 0.274205
0 0.408107 0.306624 0.285269
0 0.414602 0.293695 0.291703
0 0.390505 0.30872 0.300775
0 0.445857 0.277233 0.27691
0 0.417369 0.294725 0.287906
0 0.472942 0.264447 0.262612
0 0.440764 0.283692 0.275544
0 0.465131 0.269612 0.265258
0 0.432472 0.288518 0.279011
0 0.469168 0.267888 0.262945
0 0.469168 0.267888 0.262945
0 0.452344 0.278856 0.2688
0 0.421057 0.295597 0.283345
0 0.472182 0.269696 0.258122
0 0.437022 0.288718 0.27426
0 0.489174 0.261047 0.24978
0 0.452315 0.280261 0.267424
0 0.482436 0.268567 0.248997
0 0.446622 0.286291 0.267088
0 0.486753 0.271018 0.242229
0 0.486753 0.271018 0.242229
0 0.49529 0.265105 0.239605
0 0.459912 0.281779 0.258309
0 0.484704 0.271607 0.243689
0 0.450996 0.286915 0.262088
0 0.475347 0.275657 0.248996
0 0.475347 0.275657 0.248996
0 0.482402 0.276716 0.240882
0 0.445173 0.294646 0.26018
0 0.49254 0.268972 0.238488
0 0.45648 0.284924 0.258596
0 0.484135 0.271432 0.244433
0 0.450074 0.286721 0.263205
0 0.491735 0.267067 0.241199
0 0.456297 0.283112 0.260591
0 0.49619 0.261819 0.241991
0 0.457661 0.280937 0.261402
0 0.501093 0.261446 0.237461
0 0.460757 0.281481 0.257762
0 0.502393 0.259956 0.237652
0 0.461228 0.280546 0.258226
0 0.501148 0.261276 0.237577
0 0.459798 0.28196 0.258241
0 0.504548 0.25761 0.237842
0 0.462955 0.278727 0.258318
0 0.492614 0.261634 0.245752
0 0.452695 0.282308 0.264997
0 0.502685 0.258298 0.239017
0 0.460336 0.280179 0.259485
0 0.496507 0.262043 0.24145
0 0.496507 0.262043 0.24145
0 0.498834 0.260718 0.240448
0 0.498834 0.260718 0.240448
0 0.461584 0.277316 0.2611
0 0.461584 0.277316 0.2611
0 0.448185 0.281288 0.270527
0 0.416942 0.298691 0.284367
0 0.46604 0.272713 0.261247
0 0.432687 0.290552 0.276762
0 0.508615 0.253115 0.23827
0 0.467084 0.275684 0.257232
0 0.494532 0.263479 0.241989
0 0.494532 0.263479 0.241989
0 0.43185 0.29518 0.27297
0 0.399901 0.314547 0.285552
0 0.425478 0.28881 0.285712
0 0.397874 0.305608 0.296519
0 0.438138 0.271737 0.290125
0 0.408805 0.289949 0.301246
0 0.424996 0.287442 0.287562
0 0.397924 0.30311 0.298966
0 0.461124 0.275737 0.263139
0 0.431008 0.292517 0.276475
0 0.495398 0.255101 0.249502
0 0.458777 0.275892 0.265331
0 0.465208 0.269979 0.264814
0 0.465208 0.269979 0.264814
0 0.460291 0.275493 0.264216
0 0.42911 0.291213 0.279677
0 0.473082 0.269267 0.257651
0 0.437747 0.287895 0.274357
0 0.463349 0.275296 0.261355
0 0.431966 0.290457 0.277577
0 0.486205 0.266299 0.247496
0 0.449041 0.284958 0.266001
0 0.475601 0.272333 0.252066
0 0.475601 0.272333 0.252066
0 0.474893 0.276201 0.248907
0 0.440361 0.292767 0.266872
0 0.49058 0.262698 0.246722
0 0.452213 0.282335 0.265451
0 0.483144 0.267539 0.249317
0 0.445868 0.286253 0.267879
0 0.494835 0.265785 0.239379
0 0.457663 0.282876 0.25946
0 0.500856 0.26062 0.238524
0 0.460566 0.280482 0.258952
0 0.488477 0.267588 0.243936
0 0.450356 0.28606 0.263583
0 0.485416 0.270776 0.243808
0 0.485416 0.270776 0.243808
0 0.464679 0.27826 0.257061
0 0.43145 0.294587 0.273963
0 0.46138 0.273525 0.265095
0 0.426729 0.292538 0.280733
0 0.455472 0.272271 0.272257
0 0.421472 0.2913 0.287228
0 0.439997 0.28587 0.274133
0 0.407235 0.303325 0.28944
0 0.470054 0.275532 0.254414
0 0.470054 0.275532 0.254414
0 0.466143 0.280597 0.25326
0 0.432759 0.299538 0.267703
0 0.488916 0.261914 0.249169
0 0.488916 0.261914 0.249169
0 0.443466 0.281865 0.274669
0 0.414885 0.298498 0.286617
0 0.451717 0.274223 0.27406
0 0.421283 0.29268 0.286037
0 0.460773 0.266961 0.272266
0 0.460773 0.266961 0.272266
0 0.425391 0.288794 0.285815
0 0.398188 0.304847 0.296964
0 0.486134 0.261445 0.252421
0 0.449468 0.282299 0.268234
0 0.460321 0.27421 0.265469
0 0.428635 0.291259 0.280106
0 0.481033 0.26374 0.255227
0 0.443999 0.28381 0.272191
0 0.453237 0.282626 0.264138
0 0.420235 0.299506 0.280259
0 0.458257 0.283101 0.258642
0 0.425344 0.299029 0.275627
0 0.464381 0.28199 0.253629
0 0.430751 0.29778 0.271469
0 0.451182 0.291508 0.25731
0 0.418227 0.307181 0.274592
0 0.444302 0.300493 0.255204
0 0.415622 0.311652 0.272725
0 0.452338 0.294433 0.253229
0 0.419949 0.308909 0.271142
0 0.442296 0.301295 0.25641
0 0.414632 0.311716 0.273652
0 0.448934 0.298461 0.252606
0 0.41981 0.309735 0.270455
0 0.456335 0.290734 0.252931
0 0.423371 0.305767 0.270863
0 0.459512 0.289875 0.250614
0 0.425028 0.305775 0.269197
0 0.476437 0.277803 0.245761
0 0.441015 0.29369 0.265295
0 0.47398 0.281045 0.244975
0 0.47398 0.281045 0.244975
0 0.467331 0.282774 0.249895
0 0.429962 0.301035 0.269003
0 0.470382 0.279367 0.250251
0 0.433962 0.296478 0.26956
0 0.452607 0.289466 0.257926
0 0.417701 0.306427 0.275872
0 0.468835 0.283263 0.247902
0 0.43112 0.301141 0.267739
0 0.457775 0.288892 0.253333
0 0.422047 0.305847 0.272106
0 0.455886 0.289808 0.254306
0 0.421813 0.30595 0.272237
0 0.44969 0.291833 0.258477
0 0.416043 0.308019 0.275938
0 0.452787 0.289454 0.257759
0 0.418357 0.306307 0.275336
0 0.462148 0.282436 0.255416
0 0.425832 0.300456 0.273712
0 0.456077 0.289443 0.25448
0 0.42073 0.306238 0.273032
0 0.445612 0.297596 0.256792
0 0.445612 0.297596 0.256792
0 0.437909 0.302615 0.259476
0 0.437909 0.302615 0.259476
0 0.423361 0.304959 0.27168
0 0.396751 0.316896 0.286353
0 0.424014 0.293214 0.282771
0 0.424014 0.293214 0.282771
0 0.406403 0.302914 0.290683
0 0.377712 0.319612 0.302676
0 0.453128 0.281462 0.265411
0 0.418775 0.300123 0.281102
0 0.477112 0.266009 0.256879
0 0.44009 0.28672 0.27319
0 0.450018 0.284384 0.265599
0 0.416237 0.302899 0.280864
0 0.454652 0.283659 0.261689
0 0.421942 0.301223 0.276835
0 0.456752 0.278577 0.264671
0 0.456752 0.278577 0.264671
0 0.432262 0.288138 0.2796
0 0.403585 0.30337 0.293045
0 0.449701 0.28031 0.269989
0 0.419066 0.295795 0.285139
0 0.443283 0.285333 0.271384
0 0.412811 0.30009 0.287099
0 0.441686 0.288415 0.269899
0 0.441686 0.288415 0.269899
0 0.433158 0.294833 0.272009
0 0.401479 0.312013 0.286508
0 0.436759 0.283794 0.279447
0 0.407542 0.299541 0.292917
0 0.437957 0.282459 0.279584
0 0.408546 0.298358 0.293096
0 0.478136 0.267987 0.253878
0 0.440542 0.288083 0.271375
0 0.469359 0.275793 0.254848
0 0.433885 0.293381 0.272734
0 0.467149 0.280071 0.25278
0 0.467149 0.280071 0.25278
0 0.440926 0.293506 0.265568
0 0.440926 0.293506 0.265568
0 0.427802 0.294658 0.27754
0 0.427802 0.294658 0.27754
0 0.383866 0.312237 0.303897
0 0.383866 0.312237 0.303897
0 0.357388 0.332288 0.310324
1 0.336513 0.344806 0.318681
0 0.371163 0.319593 0.309244
0 0.345802 0.335874 0.318325
0 0.349244 0.32953 0.321226
1 0.327736 0.343558 0.328706
0 0.345544 0.336624 0.317832
1 0.327145 0.348801 0.324054
1 0.31706 0.343549 0.339391
1 0.30385 0.354568 0.341582
0 0.36859 0.308622 0.322788
0 0.350865 0.322148 0.326988
-1 0.318205 0.332485 0.34931
-1 0.318205 0.332485 0.34931
-1 0.290583 0.354153 0.355263
-1 0.290583 0.354153 0.355263
-1 0.29178 0.350435 0.357785
1 0.283355 0.358577 0.358067
-1 0.282886 0.346977 0.370137
-1 0.273791 0.356671 0.369538
-1 0.294308 0.347096 0.358596
-1 0.285676 0.354925 0.3594
-1 0.330154 0.333991 0.335854
1 0.314428 0.346701 0.338871
-1 0.330746 0.326019 0.343235
-1 0.315927 0.338825 0.345248
0 0.375965 0.301783 0.322252
0 0.357455 0.315235 0.32731
0 0.368104 0.309448 0.322449
0 0.348619 0.322941 0.32844
0 0.394277 0.300438 0.305286
0 0.370527 0.315153 0.31432
0 0.42308 0.285449 0.291471
0 0.396215 0.300828 0.302957
0 0.413416 0.29427 0.292314
0 0.413416 0.29427 0.292314
0 0.40168 0.30462 0.2937
0 0.373245 0.321684 0.305071
0 0.401872 0.29534 0.302788
0 0.376133 0.31095 0.312917
0 0.384139 0.303118 0.312743
0 0.384139 0.303118 0.312743
1 0.320198 0.360435 0.319367
1 0.320198 0.360435 0.319367
1 0.332901 0.346342 0.320757
1 0.312726 0.358836 0.328438
-1 0.3236 0.32931 0.347091
-1 0.306735 0.342339 0.350926
0 0.337368 0.332104 0.330528
1 0.31798 0.346331 0.335689
0 0.339259 0.328323 0.332418
1 0.32042 0.342622 0.336958
0 0.351222 0.317965 0.330813
-1 0.330767 0.333606 0.335626
0 0.381678 0.299485 0.318837
0 0.360896 0.313706 0.325399
0 0.392131 0.297258 0.310611
0 0.368646 0.312218 0.319136
0 0.405567 0.295012 0.299421
0 0.405567 0.295012 0.299421
0 0.410019 0.295114 0.294866
0 0.382797 0.310824 0.306378
0 0.434531 0.281443 0.284026
0 0.405944 0.296784 0.297272
0 0.434151 0.2834 0.28245
0 0.40544 0.298473 0.296087
0 0.453038 0.279799 0.267163
0 0.421235 0.295619 0.283147
0 0.462119 0.277577 0.260304
0 0.429139 0.293432 0.277429
0 0.465183 0.277735 0.257082
0 0.432751 0.292755 0.274494
0 0.453258 0.287572 0.25917
0 0.453258 0.287572 0.25917
0 0.442396 0.298756 0.258848
0 0.411718 0.312737 0.275545
0 0.455236 0.288966 0.255798
0 0.455236 0.288966 0.255798
0 0.442114 0.293846 0.264039
0 0.411011 0.308991 0.279998
0 0.458997 0.281121 0.259882
0 0.426441 0.296722 0.276837
0 0.456095 0.280844 0.26306
0 0.456095 0.280844 0.26306
0 0.456889 0.28464 0.258471
0 0.420626 0.303913 0.275461
0 0.470868 0.270899 0.258233
0 0.43481 0.290304 0.274887
0 0.440631 0.284017 0.275353
0 0.410121 0.300602 0.289277
0 0.480843 0.266673 0.252484
0 0.443349 0.287034 0.269617
0 0.500488 0.257381 0.24213
0 0.461508 0.278307 0.260185
0 0.477383 0.275446 0.247171
0 0.441847 0.293451 0.264703
0 0.465501 0.280359 0.254141
0 0.431996 0.297072 0.270932
0 0.447605 0.285852 0.266542
0 0.416473 0.301437 0.282089
0 0.438112 0.293376 0.268512
0 0.438112 0.293376 0.268512
0 0.441116 0.298079 0.260805
0 0.409567 0.313169 0.277264
0 0.456932 0.288759 0.254309
0 0.456932 0.288759 0.254309
0 0.434646 0.297183 0.268172
0 0.403445 0.312931 0.283624
0 0.437139 0.290507 0.272354
0 0.404935 0.308087 0.286978
0 0.455253 0.275957 0.26879
0 0.421848 0.29374 0.284411
0 0.441619 0.290107 0.268274
0 0.407251 0.308627 0.284122
0 0.476571 0.273375 0.250054
0 0.440889 0.290382 0.26873
0 0.453851 0.285284 0.260866
0 0.453851 0.285284 0.260866
0 0.452805 0.285838 0.261357
0 0.417899 0.304269 0.277832
0 0.464888 0.274351 0.260761
0 0.432197 0.290439 0.277365
0 0.44436 0.282986 0.272654
0 0.44436 0.282986 0.272654
0 0.42854 0.293327 0.278132
0 0.397167 0.310917 0.291917
0 0.432712 0.286493 0.280795
0 0.403247 0.302728 0.294025
0 0.42044 0.289808 0.289753
0 0.42044 0.289808 0.289753
0 0.39776 0.309646 0.292594
0 0.39776 0.309646 0.292594
0 0.394046 0.3178 0.288154
0 0.372496 0.330141 0.297363
0 0.361585 0.326571 0.311844
0 0.344445 0.337621 0.317934
0 0.36744 0.324035 0.308526
0 0.36744 0.324035 0.308526
1 0.318822 0.352531 0.328647
1 0.307103 0.36144 0.331457
0 0.351829 0.330228 0.317944
1 0.338268 0.340459 0.321273
0 0.343184 0.322939 0.333877
1 0.329006 0.335646 0.335348
0 0.34525 0.320345 0.334405
-1 0.330297 0.333572 0.336132
0 0.401353 0.291182 0.307465
0 0.382205 0.304509 0.313285
0 0.37498 0.307137 0.317884
0 0.353404 0.322295 0.324302
0 0.382147 0.308907 0.308946
0 0.358893 0.323573 0.317534
0 0.392244 0.308168 0.299588
0 0.366545 0.323302 0.310153
0 0.397762 0.310446 0.291792
0 0.397762 0.310446 0.291792
0 0.405268 0.309543 0.285189
0 0.377492 0.324089 0.298419
0 0.430869 0.293668 0.275464
0 0.430869 0.293668 0.275464
0 0.392186 0.316978 0.290835
0 0.369655 0.327903 0.302442
0 0.401885 0.303801 0.294314
0 0.373138 0.321318 0.305544
0 0.405811 0.290156 0.304033
0 0.380672 0.304923 0.314405
0 0.39835 0.306375 0.295274
0 0.39835 0.306375 0.295274
0 0.375878 0.324379 0.299743
0 0.354886 0.335999 0.309116
0 0.36009 0.327114 0.312796
0 0.36009 0.327114 0.312796
1 0.295416 0.363858 0.340727
1 0.284839 0.370978 0.344183
1 0.287857 0.367675 0.344468
1 0.287857 0.367675 0.344468
1 0.260377 0.37832 0.361302
1 0.254144 0.384633 0.361223
1 0.248275 0.379959 0.371767
1 0.24422 0.385618 0.370162
1 0.229512 0.385381 0.385107
1 0.227846 0.389966 0.382188
-1 0.222859 0.387687 0.389453
-1 0.222859 0.387687 0.389453
1 0.212794 0.396113 0.391093
1 0.212967 0.399361 0.387672
-1 0.294105 0.344036 0.361858
-1 0.28654 0.352875 0.360585
-1 0.306917 0.336353 0.35673
-1 0.297227 0.346364 0.356409
0 0.339451 0.321517 0.339032
-1 0.32425 0.334449 0.341301
0 0.360405 0.312133 0.327462
0 0.340632 0.326995 0.332373
0 0.384323 0.302204 0.313473
0 0.362475 0.315922 0.321603
0 0.416893 0.28962 0.293486
0 0.390888 0.304019 0.305093
0 0.427093 0.290241 0.282666
0 0.427093 0.290241 0.282666
0 0.430904 0.290565 0.278531
0 0.399655 0.307779 0.292566
0 0.435626 0.284632 0.279742
0 0.435626 0.284632 0.279742
0 0.405087 0.297209 0.297705
0 0.377356 0.314219 0.308425
0 0.427976 0.28364 0.288384
0 0.399416 0.299952 0.300632
0 0.424028 0.289491 0.286481
0 0.394517 0.306592 0.298891
0 0.45709 0.277119 0.265791
0 0.423314 0.295576 0.28111
0 0.423251 0.291848 0.284902
0 0.39432 0.308866 0.296814
0 0.428579 0.284902 0.286519
0 0.401346 0.300922 0.297731
0 0.455483 0.268623 0.275894
0 0.423836 0.28739 0.288774
0 0.454995 0.272717 0.272288
0 0.423282 0.29084 0.285878
0 0.471762 0.271128 0.25711
0 0.471762 0.271128 0.25711
0 0.441382 0.282486 0.276131
0 0.411915 0.298228 0.289857
0 0.457746 0.274037 0.268217
0 0.424206 0.292322 0.283472
0 0.446528 0.283263 0.270209
0 0.415755 0.298813 0.285432
0 0.456786 0.282195 0.261019
0 0.456786 0.282195 0.261019
0 0.44212 0.288176 0.269704
0 0.41064 0.304569 0.284791
0 0.451179 0.278857 0.269964
0 0.420097 0.295179 0.284724
0 0.437599 0.283899 0.278502
0 0.408276 0.300001 0.291723
0 0.454935 0.274928 0.270137
0 0.454935 0.274928 0.270137
0 0.407327 0.30798 0.284693
0 0.407327 0.30798 0.284693
0 0.354133 0.336534 0.309332
0 0.354133 0.336534 0.309332
1 0.224025 0.419823 0.356152
1 0.216564 0.424146 0.359291
1 0.213995 0.410968 0.375037
1 0.208752 0.415038 0.37621
1 0.146846 0.435876 0.417278
1 0.148392 0.43687 0.414737
1 0.142148 0.436635 0.421217
1 0.142148 0.436635 0.421217
1 0.126137 0.447132 0.426731
1 0.129764 0.44719 0.423046
-1 0.159734 0.416768 0.423498
-1 0.159734 0.416768 0.423498
-1 0.159155 0.415554 0.425291
-1 0.160183 0.418164 0.421653
-1 0.215132 0.383311 0.401557
-1 0.215132 0.383311 0.401557
-1 0.204855 0.390868 0.404278
-1 0.204855 0.390868 0.404278
-1 0.188089 0.405801 0.40611
1 0.185165 0.410347 0.404488
-1 0.186555 0.401428 0.412017
-1 0.183471 0.406361 0.410169
-1 0.205387 0.388195 0.406418
-1 0.205387 0.388195 0.406418
1 0.176829 0.416583 0.406588
1 0.176829 0.416583 0.406588
1 0.204812 0.406556 0.388632
1 0.201119 0.410944 0.387937
-1 0.254031 0.36475 0.38122
-1 0.245145 0.37359 0.381265
-1 0.27898 0.345286 0.375734
-1 0.267589 0.355888 0.376523
-1 0.335157 0.324418 0.340425
-1 0.316313 0.338451 0.345236
0 0.382412 0.303705 0.313883
0 0.382412 0.303705 0.313883
0 0.391483 0.3011 0.307417
0 0.364369 0.318668 0.316963
0 0.402481 0.297126 0.300393
0 0.402481 0.297126 0.300393
0 0.39843 0.29801 0.30356
0 0.39843 0.29801 0.30356
0 0.407562 0.293967 0.298471
0 0.381842 0.309587 0.308571
0 0.433218 0.281355 0.285426
0 0.404374 0.297745 0.297882
0 0.434228 0.287897 0.277876
0 0.403048 0.305413 0.291539
0 0.484061 0.263508 0.252431
0 0.484061 0.263508 0.252431
0 0.411903 0.300874 0.287223
0 0.411903 0.300874 0.287223
0 0.378683 0.323951 0.297366
0 0.35574 0.337507 0.306754
0 0.417066 0.292337 0.290597
0 0.390347 0.308361 0.301292
0 0.451784 0.26984 0.278376
0 0.451784 0.26984 0.278376
0 0.439432 0.287788 0.27278
0 0.407063 0.307473 0.285465
0 0.46419 0.270653 0.265157
0 0.431794 0.289385 0.27882
0 0.442455 0.274326 0.28322
0 0.442455 0.274326 0.28322
0 0.414403 0.292727 0.29287
0 0.389758 0.307321 0.302921
0 0.424885 0.291386 0.283729
0 0.424885 0.291386 0.283729
0 0.364881 0.328889 0.30623
0 0.343172 0.341953 0.314876
0 0.405041 0.304509 0.290449
0 0.405041 0.304509 0.290449
0 0.364918 0.328868 0.306214
0 0.342704 0.34192 0.315376
0 0.411333 0.298023 0.290644
0 0.38288 0.316154 0.300966
0 0.366816 0.314224 0.318961
0 0.344663 0.32968 0.325657
0 0.346784 0.324981 0.328235
1 0.328027 0.338294 0.333678
0 0.389726 0.29582 0.314454
0 0.389726 0.29582 0.314454
-1 0.329316 0.334468 0.336216
1 0.312408 0.34661 0.340982
0 0.405043 0.298061 0.296896
0 0.405043 0.298061 0.296896
0 0.428412 0.288609 0.282979
0 0.400445 0.305087 0.294467
0 0.474864 0.264146 0.26099
0 0.440422 0.283762 0.275816
0 0.475171 0.263631 0.261198
0 0.475171 0.263631 0.261198
0 0.47738 0.265881 0.256739
0 0.443061 0.284664 0.272275
0 0.487789 0.260772 0.251439
0 0.452547 0.279763 0.26769
0 0.502746 0.254666 0.242588
0 0.465722 0.274183 0.260094
0 0.505078 0.253552 0.241369
0 0.467812 0.272936 0.259252
0 0.506815 0.249942 0.243243
0 0.506815 0.249942 0.243243
0 0.49438 0.258836 0.246784
0 0.458963 0.27781 0.263228
0 0.50871 0.253889 0.237401
0 0.470013 0.274921 0.255065
0 0.524926 0.242765 0.232309
0 0.481881 0.265793 0.252326
0 0.514263 0.251955 0.233782
0 0.47158 0.274021 0.254399
0 0.537552 0.2379 0.224547
0 0.492997 0.260806 0.246197
0 0.499803 0.2574 0.242797
0 0.499803 0.2574 0.242797
0 0.491926 0.265668 0.242406
0 0.491926 0.265668 0.242406
0 0.501205 0.258888 0.239907
0 0.463854 0.278228 0.257917
0 0.502428 0.255146 0.242425
0 0.465 0.274723 0.260277
0 0.498434 0.255746 0.24582
0 0.498434 0.255746 0.24582
0 0.473167 0.274342 0.25249
0 0.439645 0.291001 0.269354
0 0.511573 0.252342 0.236085
0 0.470576 0.273956 0.255468
0 0.514067 0.249091 0.236842
0 0.514067 0.249091 0.236842
0 0.530842 0.242796 0.226363
0 0.530842 0.242796 0.226363
0 0.526883 0.246866 0.226251
0 0.526883 0.246866 0.226251
0 0.485004 0.267325 0.247671
0 0.449186 0.286577 0.264237
0 0.500421 0.256105 0.243474
0 0.462212 0.277047 0.260742
0 0.505419 0.25203 0.242551
0 0.466053 0.273502 0.260445
0 0.494275 0.262125 0.2436
0 0.494275 0.262125 0.2436
0 0.481087 0.272757 0.246155
0 0.446852 0.290989 0.262159
0 0.482955 0.262598 0.254447
0 0.448991 0.282216 0.268793
0 0.433054 0.287013 0.279933
0 0.433054 0.287013 0.279933
0 0.3999 0.316297 0.283802
0 0.375383 0.330211 0.294406
0 0.395535 0.319043 0.285421
0 0.395535 0.319043 0.285421
1 0.330077 0.356156 0.313766
1 0.314566 0.364788 0.320646
1 0.324889 0.357462 0.317649
1 0.324889 0.357462 0.317649
1 0.265152 0.386202 0.348646
1 0.256738 0.392346 0.350916
1 0.283442 0.372154 0.344405
1 0.274994 0.378213 0.346794
1 0.297191 0.355621 0.347188
1 0.297191 0.355621 0.347188
1 0.297571 0.358554 0.343876
1 0.287887 0.366487 0.345625
0 0.385691 0.307897 0.306412
0 0.385691 0.307897 0.306412
0 0.366909 0.314046 0.319045
0 0.346246 0.328845 0.324909
0 0.396446 0.302693 0.300861
0 0.396446 0.302693 0.300861
0 0.378567 0.313961 0.307472
0 0.354392 0.33007 0.315538
0 0.424129 0.286085 0.289786
0 0.424129 0.286085 0.289786
0 0.416602 0.292919 0.290478
0 0.390354 0.308749 0.300897
0 0.441947 0.28075 0.277303
0 0.413546 0.296736 0.289718
0 0.431214 0.287175 0.28161
0 0.40282 0.303561 0.293619
0 0.438825 0.283518 0.277656
0 0.410899 0.29897 0.290131
0 0.453539 0.27705 0.269411
0 0.453539 0.27705 0.269411
0 0.411147 0.303799 0.285054
0 0.384229 0.320081 0.29569
0 0.430386 0.290439 0.279175
0 0.401836 0.307782 0.290381
0 0.398343 0.305951 0.295706
0 0.375244 0.320088 0.304668
0 0.400079 0.306416 0.293505
0 0.377323 0.320192 0.302486
0 0.47058 0.266348 0.263073
0 0.441921 0.282758 0.275321
0 0.461139 0.27408 0.264781
0 0.433341 0.290519 0.276141
0 0.494414 0.258842 0.246744
0 0.462083 0.277314 0.260603
0 0.471729 0.268958 0.259313
0 0.439532 0.28721 0.273257
0 0.477352 0.265844 0.256804
0 0.444576 0.283988 0.271436
0 0.490451 0.260136 0.249413
0 0.455754 0.279102 0.265144
0 0.49921 0.255415 0.245375
0 0.49921 0.255415 0.245375
0 0.498522 0.25891 0.242568
0 0.498522 0.25891 0.242568
0 0.495292 0.261099 0.243609
0 0.460169 0.280149 0.259682
0 0.510045 0.249918 0.240037
0 0.472053 0.270782 0.257165
0 0.51112 0.250647 0.238233
0 0.472448 0.271617 0.255935
0 0.531648 0.242174 0.226177
0 0.488626 0.26484 0.246534
0 0.527883 0.242461 0.229656
0 0.485298 0.264818 0.249884
0 0.527769 0.239924 0.232308
0 0.48629 0.261981 0.251729
0 0.527923 0.241082 0.230995
0 0.486331 0.263232 0.250437
0 0.518443 0.248028 0.23353
0 0.478251 0.269097 0.252652
0 0.527863 0.242875 0.229262
0 0.527863 0.242875 0.229262
0 0.516643 0.249388 0.23397
0 0.516643 0.249388 0.23397
0 0.499777 0.259066 0.241157
0 0.463509 0.278532 0.257959
0 0.501774 0.253195 0.245031
0 0.463366 0.27389 0.262744
0 0.49649 0.255252 0.248257
0 0.458465 0.275008 0.266527
0 0.535383 0.238803 0.225814
0 0.490783 0.26147 0.247747
0 0.522564 0.248703 0.228733
0 0.480179 0.270238 0.249583
0 0.515512 0.252023 0.232465
0 0.475591 0.271999 0.252409
0 0.507548 0.257454 0.234998
0 0.469058 0.27631 0.254632
0 0.49535 0.26659 0.23806
0 0.459145 0.283862 0.256992
0 0.490323 0.270436 0.23924
0 0.456959 0.285137 0.257904
0 0.485172 0.274651 0.240177
0 0.452035 0.289431 0.258534
0 0.48036 0.277432 0.242207
0 0.447072 0.292463 0.260466
0 0.475847 0.278718 0.245435
0 0.44319 0.293314 0.263496
0 0.464535 0.287365 0.2481
0 0.431197 0.302775 0.266028
0 0.466381 0.287503 0.246116
0 0.433003 0.302687 0.26431
0 0.467309 0.284764 0.247927
0 0.43341 0.300565 0.266025
0 0.464031 0.288666 0.247303
0 0.43052 0.303999 0.265481
0 0.46978 0.284 0.24622
0 0.46978 0.284 0.24622
0 0.47993 0.277648 0.242421
0 0.47993 0.277648 0.242421
0 0.482006 0.277459 0.240535
0 0.444031 0.2959 0.260069
0 0.484782 0.272249 0.242968
0 0.449085 0.288502 0.262414
0 0.493671 0.268051 0.238277
0 0.45688 0.284724 0.258396
0 0.506688 0.259146 0.234166
0 0.464854 0.279512 0.255634
0 0.493332 0.26525 0.241418
0 0.454088 0.284314 0.261598
0 0.502599 0.260963 0.236438
0 0.46221 0.28069 0.2571
0 0.508705 0.256639 0.234655
0 0.466597 0.277593 0.25581
0 0.490523 0.268576 0.240902
0 0.453126 0.285757 0.261117
0 0.49991 0.266047 0.234043
0 0.461092 0.283394 0.255514
0 0.497697 0.264841 0.237462
0 0.497697 0.264841 0.237462
0 0.491087 0.266917 0.241996
0 0.491087 0.266917 0.241996
0 0.481547 0.270998 0.247455
0 0.446782 0.287929 0.265289
0 0.482345 0.263575 0.254081
0 0.445307 0.283552 0.271141
0 0.487674 0.2625 0.249826
0 0.448467 0.283566 0.267967
0 0.504071 0.260794 0.235135
0 0.504071 0.260794 0.235135
0 0.495159 0.265298 0.239543
0 0.457284 0.284691 0.258025
0 0.524543 0.244362 0.231095
0 0.482358 0.26752 0.250122
0 0.50374 0.253469 0.242791
0 0.463512 0.275483 0.261005
0 0.502445 0.257473 0.240082
0 0.502445 0.257473 0.240082
0 0.495706 0.260068 0.244226
0 0.495706 0.260068 0.244226
0 0.475082 0.269124 0.255794
0 0.475082 0.269124 0.255794
0 0.458273 0.276792 0.264935
0 0.42653 0.293481 0.279989
0 0.468482 0.265458 0.266059
0 0.433416 0.285098 0.281486
0 0.498875 0.251465 0.24966
0 0.459927 0.273085 0.266988
0 0.491351 0.264899 0.24375
0 0.491351 0.264899 0.24375
0 0.46212 0.279499 0.258381
0 0.427907 0.298129 0.273964
0 0.484302 0.261502 0.254196
0 0.447083 0.282792 0.270125
0 0.470508 0.263299 0.266193
0 0.470508 0.263299 0.266193
0 0.430173 0.295904 0.273923
0 0.39802 0.315097 0.286883
0 0.462718 0.275031 0.262252
0 0.431545 0.292491 0.275964
0 0.412738 0.293968 0.293295
0 0.412738 0.293968 0.293295
0 0.396114 0.315977 0.287908
0 0.374364 0.328129 0.297506
0 0.390274 0.318912 0.290814
0 0.36846 0.332287 0.299253
0 0.382069 0.312441 0.30549
0 0.359841 0.327541 0.312618
0 0.345286 0.333838 0.320876
1 0.331042 0.343095 0.325863
0 0.342395 0.338223 0.319382
1 0.327464 0.348638 0.323898
0 0.34898 0.321421 0.3296
0 0.333333 0.333333 0.333333
-1 0.324478 0.335062 0.340459
1 0.311345 0.34594 0.342715
0 0.381471 0.304557 0.313972
0 0.36095 0.319883 0.319167
0 0.380781 0.302546 0.316673
0 0.380781 0.302546 0.316673
0 0.363052 0.316566 0.320383
0 0.363052 0.316566 0.320383
0 0.377513 0.307355 0.315132
0 0.355558 0.323154 0.321288
0 0.390241 0.297443 0.312316
0 0.390241 0.297443 0.312316
0 0.376897 0.312742 0.310361
0 0.354916 0.327881 0.317203
0 0.383924 0.309558 0.306518
0 0.361035 0.32521 0.313755
0 0.391753 0.300891 0.307356
0 0.368508 0.316779 0.314714
0 0.402366 0.298201 0.299434
0 0.402366 0.298201 0.299434
0 0.388438 0.313872 0.297689
0 0.388438 0.313872 0.297689
0 0.379705 0.318303 0.301992
0 0.361956 0.329541 0.308503
0 0.39787 0.300178 0.301953
0 0.377766 0.313475 0.308759
0 0.469936 0.259576 0.270488
0 0.439833 0.277902 0.282265
0 0.434091 0.283896 0.282012
0 0.408437 0.298804 0.292759
0 0.469117 0.268314 0.262569
0 0.469117 0.268314 0.262569
0 0.423778 0.28712 0.289102
0 0.398368 0.302017 0.299615
0 0.438841 0.27637 0.284789
0 0.40969 0.294134 0.296175
0 0.439673 0.277436 0.282892
0 0.410642 0.294974 0.294384
0 0.468587 0.264547 0.266866
0 0.468587 0.264547 0.266866
0 0.428857 0.291796 0.279346
0 0.398124 0.31048 0.291396
0 0.440043 0.287469 0.272488
0 0.41101 0.303826 0.285163
0 0.439951 0.280332 0.279717
0 0.439951 0.280332 0.279717
0 0.375288 0.323106 0.301606
0 0.357825 0.332615 0.30956
0 0.418593 0.297489 0.283917
0 0.394115 0.313149 0.292737
0 0.377943 0.316605 0.305453
0 0.359846 0.328753 0.311401
0 0.378843 0.317695 0.303462
0 0.360087 0.330175 0.309737
0 0.38989 0.31068 0.29943
0 0.37039 0.323918 0.305692
0 0.372726 0.31981 0.307464
0 0.355526 0.331767 0.312707
0 0.37027 0.321414 0.308316
0 0.37027 0.321414 0.308316
1 0.334062 0.341716 0.324222
1 0.324724 0.347888 0.327388
0 0.372384 0.31481 0.312806
0 0.355244 0.327005 0.317751
0 0.434599 0.276876 0.288525
0 0.411257 0.291974 0.296769
0 0.383391 0.308035 0.308573
0 0.363308 0.322375 0.314316
0 0.418493 0.290477 0.291031
0 0.418493 0.290477 0.291031
0 0.371208 0.31551 0.313282
0 0.371208 0.31551 0.313282
0 0.364939 0.318085 0.316976
0 0.345037 0.331974 0.322989
0 0.407571 0.295268 0.297161
0 0.384082 0.309597 0.306322
0 0.420749 0.290595 0.288656
0 0.420749 0.290595 0.288656
0 0.42641 0.298685 0.274906
0 0.42641 0.298685 0.274906
0 0.424392 0.294174 0.281434
0 0.397142 0.311498 0.29136
0 0.455708 0.272068 0.272224
0 0.426224 0.289738 0.284038
0 0.440845 0.276334 0.28282
0 0.413425 0.293043 0.293532
0 0.459658 0.271203 0.269139
0 0.429163 0.289161 0.281676
0 0.478125 0.263538 0.258336
0 0.44522 0.2825 0.272281
0 0.491334 0.254845 0.253821
0 0.455894 0.274864 0.269242
0 0.476943 0.267359 0.255698
0 0.442252 0.286496 0.271252
0 0.495161 0.256224 0.248615
0 0.458722 0.275908 0.26537
0 0.511295 0.246752 0.241953
0 0.511295 0.246752 0.241953
0 0.503941 0.249925 0.246133
0 0.468538 0.268931 0.26253
0 0.496422 0.254462 0.249116
0 0.460666 0.274231 0.265102
0 0.479397 0.261761 0.258842
0 0.44618 0.28061 0.27321
0 0.48076 0.267759 0.251481
0 0.44606 0.286627 0.267313
0 0.50135 0.258953 0.239697
0 0.464001 0.278775 0.257223
0 0.480475 0.273006 0.246518
0 0.447008 0.290387 0.262605
0 0.511997 0.251555 0.236449
0 0.475274 0.271635 0.253092
0 0.481927 0.263996 0.254077
0 0.448263 0.283118 0.268619
0 0.508852 0.250563 0.240585
0 0.471914 0.271157 0.256929
0 0.496256 0.256678 0.247066
0 0.459344 0.277179 0.263477
0 0.485716 0.26245 0.251834
0 0.449557 0.282093 0.26835
0 0.488111 0.263151 0.248738
0 0.451831 0.282587 0.265581
0 0.493869 0.258489 0.247642
0 0.493869 0.258489 0.247642
0 0.486403 0.263731 0.249866
0 0.451487 0.282679 0.265835
0 0.501717 0.255753 0.24253
0 0.501717 0.255753 0.24253
0 0.482431 0.265919 0.25165
0 0.447846 0.284969 0.267184
0 0.504107 0.255281 0.240612
0 0.466091 0.276026 0.257883
0 0.492675 0.261143 0.246182
0 0.456485 0.280647 0.262868
0 0.506201 0.255162 0.238637
0 0.506201 0.255162 0.238637
0 0.471771 0.274676 0.253553
0 0.440033 0.290829 0.269138
0 0.503345 0.257563 0.239092
0 0.469735 0.275964 0.254301
0 0.495722 0.262372 0.241906
0 0.495722 0.262372 0.241906
0 0.4531 0.284624 0.262275
0 0.426524 0.299388 0.274088
0 0.453115 0.28479 0.262095
0 0.425124 0.301494 0.273382
0 0.442059 0.285237 0.272704
0 0.419449 0.297799 0.282752
0 0.422621 0.300068 0.277311
0 0.398988 0.314551 0.28646
0 0.469947 0.275194 0.254859
0 0.44406 0.289554 0.266386
0 0.481017 0.26879 0.250193
0 0.452822 0.284324 0.262854
0 0.493316 0.260571 0.246113
0 0.459934 0.279714 0.260353
0 0.47716 0.265905 0.256935
0 0.443475 0.284989 0.271535
0 0.45967 0.273137 0.267193
0 0.45967 0.273137 0.267193
0 0.480428 0.267141 0.252431
0 0.44603 0.285879 0.268091
0 0.493745 0.259899 0.246355
0 0.457858 0.279214 0.262928
0 0.501617 0.258109 0.240274
0 0.464298 0.277729 0.257973
0 0.510178 0.25446 0.235362
0 0.471827 0.274131 0.254042
0 0.501978 0.259754 0.238268
0 0.464925 0.278339 0.256736
0 0.502844 0.260509 0.236647
0 0.466364 0.278403 0.255232
0 0.500195 0.262993 0.236812
0 0.464439 0.280262 0.255299
0 0.493758 0.267539 0.238703
0 0.460908 0.281857 0.257234
0 0.498466 0.263436 0.238098
0 0.462846 0.280462 0.256693
0 0.495109 0.266184 0.238707
0 0.45917 0.28364 0.25719
0 0.501849 0.261484 0.236667
0 0.464253 0.279971 0.255776
0 0.50912 0.254795 0.236085
0 0.469083 0.274965 0.255953
0 0.502037 0.258734 0.23923
0 0.463164 0.278314 0.258522
0 0.516427 0.251111 0.232462
0 0.474257 0.272371 0.253372
0 0.515701 0.24944 0.234859
0 0.515701 0.24944 0.234859
0 0.512001 0.253156 0.234843
0 0.471053 0.274263 0.254685
0 0.51015 0.253123 0.236727
0 0.469599 0.274545 0.255856
0 0.51379 0.248402 0.237807
0 0.472987 0.270242 0.256771
0 0.518624 0.247777 0.233598
0 0.4778 0.269407 0.252793
0 0.524043 0.248981 0.226976
0 0.482916 0.270714 0.24637
0 0.533692 0.24408 0.222228
0 0.492158 0.26631 0.241532
0 0.512329 0.253662 0.234009
0 0.512329 0.253662 0.234009
0 0.473637 0.271718 0.254645
0 0.443292 0.287906 0.268803
0 0.486493 0.263919 0.249588
0 0.486493 0.263919 0.249588
0 0.495773 0.26078 0.243446
0 0.460178 0.280707 0.259115
0 0.514579 0.249481 0.23594
0 0.47582 0.270698 0.253482
0 0.520095 0.247849 0.232056
0 0.480405 0.26955 0.250046
0 0.508404 0.254407 0.237189
0 0.469208 0.27554 0.255252
0 0.488939 0.262905 0.248156
0 0.452225 0.282471 0.265304
0 0.500517 0.258681 0.240802
0 0.462556 0.278309 0.259136
0 0.498366 0.260786 0.240848
0 0.461167 0.279465 0.259368
0 0.495274 0.265517 0.239209
0 0.459037 0.282913 0.258051
0 0.494634 0.267435 0.237931
0 0.460588 0.282122 0.25729
0 0.491583 0.269256 0.239161
0 0.458457 0.283664 0.257879
0 0.483385 0.27596 0.240655
0 0.448842 0.292061 0.259096
0 0.48863 0.269464 0.241906
0 0.455106 0.28446 0.260434
0 0.485238 0.272339 0.242423
0 0.450736 0.288242 0.261022
0 0.486062 0.267597 0.246342
0 0.450507 0.285544 0.263949
0 0.495135 0.257956 0.246909
0 0.456603 0.278341 0.265055
0 0.491957 0.26366 0.244383
0 0.453016 0.284048 0.262936
0 0.507649 0.254561 0.237791
0 0.465262 0.276678 0.25806
0 0.52668 0.245748 0.227573
0 0.481371 0.269668 0.24896
0 0.506461 0.256501 0.237037
0 0.465013 0.278505 0.256482
0 0.521443 0.249465 0.229092
0 0.478561 0.272393 0.249046
0 0.51198 0.253172 0.234848
0 0.51198 0.253172 0.234848
0 0.481032 0.265614 0.253355
0 0.445733 0.285257 0.26901
0 0.47182 0.273143 0.255037
0 0.440325 0.290219 0.269456
0 0.447859 0.284536 0.267605
0 0.419919 0.300228 0.279854
0 0.434653 0.297756 0.267591
0 0.406515 0.314214 0.279271
0 0.427097 0.301087 0.271816
0 0.40182 0.316115 0.282065
0 0.413634 0.308266 0.2781
0 0.413634 0.308266 0.2781
0 0.410156 0.308253 0.281591
0 0.392569 0.318876 0.288555
0 0.420671 0.296368 0.282961
0 0.420671 0.296368 0.282961
0 0.383226 0.318155 0.29862
0 0.369578 0.327111 0.303311
0 0.394638 0.304766 0.300596
0 0.394638 0.304766 0.300596
0 0.349556 0.331828 0.318616
1 0.336596 0.341338 0.322066
0 0.388403 0.309177 0.30242
0 0.388403 0.309177 0.30242
1 0.339745 0.340132 0.320123
