labels 0 1 -1
-1 0.241282 0.144566 0.614152
-1 0.248418 0.285665 0.465917
-1 0.111566 0.169493 0.718941
1 0.369604 0.486349 0.144047
-1 0.337672 0.300827 0.361501
-1 0.234635 0.364629 0.400736
-1 0.144232 0.407935 0.447833
0 0.536007 0.183713 0.28028
-1 0.275667 0.318512 0.405821
-1 0.181136 0.23027 0.588594
-1 0.378631 0.10381 0.517559
0 0.525636 0.112535 0.36183
-1 0.226186 0.318713 0.455101
1 0.30142 0.444291 0.254289
-1 0.412226 0.0723735 0.515401
-1 0.337549 0.287334 0.375117
-1 0.219276 0.313723 0.467001
0 0.571441 0.184613 0.243946
1 0.252016 0.515357 0.232627
0 0.490316 0.302369 0.207315
1 0.278397 0.45181 0.269793
1 0.349605 0.444224 0.206171
-1 0.120959 0.296171 0.58287
1 0.1121 0.613502 0.274397
1 0.330633 0.545053 0.124314
0 0.660686 0.170979 0.168335
1 0.30668 0.586741 0.106578
-1 0.319087 0.206234 0.474679
1 0.169487 0.75911 0.0714035
-1 0.231744 0.226052 0.542204
1 0.389984 0.507229 0.102787
0 0.503573 0.313206 0.183222
1 0.144569 0.675046 0.180386
1 0.236858 0.501508 0.261634
0 0.432263 0.280903 0.286834
0 0.404921 0.276586 0.318493
1 0.183454 0.505428 0.311118
-1 0.189224 0.22347 0.587306
1 0.166761 0.598335 0.234905
0 0.583528 0.174046 0.242426
0 0.756118 0.173773 0.0701098
1 0.35104 0.452651 0.196309
1 0.294606 0.447199 0.258195
1 0.197653 0.47242 0.329927
-1 0.332753 0.313873 0.353373
1 0.178398 0.61863 0.202972
0 0.677863 0.109486 0.212652
1 0.206937 0.487797 0.305266
-1 0.211239 0.20653 0.582231
-1 0.414356 0.17109 0.414554
1 0.316018 0.359257 0.324725
-1 0.256454 0.343769 0.399778
0 0.369276 0.332398 0.298326
-1 0.308255 0.319317 0.372429
-1 0.376984 0.144526 0.47849
1 0.152626 0.466992 0.380382
0 0.438683 0.28524 0.276077
1 0.228411 0.414067 0.357521
-1 0.188057 0.362848 0.449095
-1 0.32609 0.233043 0.440867
-1 0.196135 0.38582 0.418045
1 0.110393 0.66072 0.228887
1 0.183179 0.504993 0.311828
1 0.214661 0.459771 0.325568
1 0.103474 0.536609 0.359918
1 0.136656 0.457761 0.405583
1 0.163274 0.426041 0.410685
0 0.530576 0.228359 0.241065
-1 0.134789 0.290751 0.57446
-1 0.294387 0.188777 0.516836
-1 0.110876 0.295344 0.59378
-1 0.237683 0.289664 0.472654
-1 0.169405 0.315895 0.5147
1 0.22946 0.395928 0.374612
-1 0.190099 0.278827 0.531074
1 0.214918 0.415579 0.369503
-1 0.181364 0.406036 0.4126
-1 0.289026 0.179021 0.531952
1 0.121967 0.602975 0.275057
0 0.782902 0.0577321 0.159366
-1 0.328953 0.272046 0.399001
0 0.603063 0.102525 0.294412
-1 0.338885 0.274056 0.387059
-1 0.147144 0.409836 0.44302
-1 0.207918 0.280533 0.511549
-1 0.273905 0.349376 0.376718
1 0.203864 0.498139 0.297997
1 0.192479 0.442252 0.365269
-1 0.11403 0.302812 0.583158
1 0.0764501 0.683931 0.239619
1 0.147473 0.573903 0.278624
-1 0.214887 0.342938 0.442175
1 0.158801 0.611402 0.229797
-1 0.346323 0.180332 0.473346
1 0.217653 0.429283 0.353064
-1 0.254258 0.212425 0.533318
1 0.252633 0.555942 0.191425
1 0.210174 0.455944 0.333882
0 0.49409 0.193821 0.312088
-1 0.286627 0.0899972 0.623375
1 0.268704 0.39206 0.339235
1 0.2048 0.419798 0.375401
1 0.122879 0.591663 0.285458
1 0.215222 0.520117 0.264661
-1 0.375653 0.177448 0.446899
1 0.197016 0.43959 0.363395
-1 0.209743 0.279164 0.511093
-1 0.195077 0.128002 0.676921
1 0.160497 0.606742 0.232762
-1 0.256968 0.255767 0.487265
-1 0.235902 0.259322 0.504776
-1 0.374344 0.249258 0.376398
0 0.49153 0.0513691 0.457101
-1 0.273899 0.19355 0.532551
-1 0.196719 0.206968 0.596313
0 0.427055 0.323023 0.249922
1 0.218582 0.489059 0.292358
1 0.318649 0.493282 0.188069
1 0.209231 0.522846 0.267923
-1 0.194278 0.201945 0.603777
-1 0.336484 0.270094 0.393422
0 0.528187 0.24202 0.229793
1 0.21375 0.559018 0.227232
0 0.685129 0.199444 0.115427
-1 0.209805 0.276041 0.514154
-1 0.31931 0.159575 0.521115
-1 0.3886 0.211177 0.400224
-1 0.167897 0.35082 0.481283
0 0.403976 0.245283 0.350742
-1 0.126775 0.318083 0.555142
0 0.4672 0.140461 0.392339
1 0.281302 0.448773 0.269925
-1 0.176574 0.232707 0.590719
0 0.379096 0.242944 0.377959
1 0.153852 0.563951 0.282197
1 0.20104 0.543836 0.255124
1 0.127773 0.539424 0.332803
1 0.316729 0.443412 0.239859
1 0.225823 0.526683 0.247493
-1 0.246778 0.186823 0.566399
-1 0.270435 0.266368 0.463197
0 0.789264 0.129438 0.0812981
-1 0.367139 0.132568 0.500293
0 0.627753 0.0461727 0.326074
-1 0.224411 0.297216 0.478373
-1 0.358796 0.278936 0.362268
-1 0.250459 0.151378 0.598163
-1 0.147563 0.207753 0.644683
-1 0.407031 0.174797 0.418172
0 0.598722 0.185848 0.21543
-1 0.125112 0.372538 0.50235
-1 0.323857 0.318162 0.357982
0 0.440674 0.316134 0.243192
1 0.141016 0.499161 0.359824
0 0.699845 0.150657 0.149498
1 0.32106 0.416966 0.261975
1 0.356202 0.460527 0.18327
-1 0.342421 0.24284 0.414739
1 0.259547 0.647984 0.0924683
-1 0.265896 0.144401 0.589704
1 0.157172 0.758838 0.0839902
-1 0.298463 0.134198 0.567339
1 0.395271 0.419786 0.184943
1 0.275727 0.460293 0.263979
1 0.230621 0.398237 0.371142
1 0.202231 0.530384 0.267384
1 0.395067 0.42094 0.183993
0 0.402477 0.385477 0.212045
0 0.449619 0.172581 0.3778
1 0.239843 0.405688 0.354469
0 0.727503 0.151408 0.121089
0 0.539748 0.262132 0.19812
0 0.385795 0.24971 0.364495
0 0.860648 0.0282286 0.111124
-1 0.244392 0.221628 0.53398
0 0.73834 0.0659991 0.195661
1 0.283426 0.423874 0.2927
1 0.292415 0.490177 0.217408
1 0.17561 0.46703 0.35736
0 0.439808 0.297448 0.262744
1 0.204035 0.468592 0.327373
0 0.441498 0.372576 0.185926
1 0.208085 0.43323 0.358684
0 0.759248 0.158697 0.0820543
1 0.22902 0.564728 0.206251
1 0.391373 0.499163 0.109464
1 0.279446 0.482431 0.238123
1 0.245718 0.527302 0.226979
1 0.263654 0.456358 0.279988
0 0.470396 0.362135 0.167469
1 0.317852 0.434794 0.247354
-1 0.363245 0.209104 0.427651
0 0.442146 0.254021 0.303833
0 0.622335 0.182957 0.194708
0 0.386809 0.304997 0.308193
-1 0.415455 0.166291 0.418254
0 0.382854 0.241646 0.3755
-1 0.251016 0.331728 0.417256
-1 0.20656 0.394528 0.398912
-1 0.297934 0.213749 0.488317
-1 0.250671 0.338911 0.410417
-1 0.393387 0.180062 0.426551
0 0.412331 0.252527 0.335142
0 0.429068 0.164195 0.406736
0 0.772399 0.188858 0.0387426
-1 0.206476 0.324338 0.469186
0 0.795531 0.0830595 0.121409
-1 0.204814 0.250929 0.544258
-1 0.241801 0.355636 0.402563
-1 0.221521 0.386562 0.391917
0 0.451524 0.1543 0.394176
-1 0.222487 0.365075 0.412438
0 0.500948 0.126305 0.372747
-1 0.0820785 0.389425 0.528496
1 0.312826 0.401776 0.285399
-1 0.0672888 0.289233 0.643478
-1 0.263962 0.189922 0.546116
-1 0.0361774 0.428599 0.535224
1 0.187894 0.554741 0.257364
-1 0.0984725 0.325433 0.576094
1 0.0930983 0.585543 0.321359
1 0.158652 0.46544 0.375907
-1 0.162024 0.274449 0.563527
-1 0.0913932 0.426728 0.481879
0 0.642683 0.264859 0.0924576
0 0.699188 0.0954858 0.205326
-1 0.377166 0.0658804 0.556953
0 0.441213 0.250753 0.308033
0 0.730926 0.150733 0.118341
0 0.519971 0.276616 0.203413
-1 0.319349 0.331551 0.3491
1 0.244923 0.433052 0.322025
0 0.388788 0.346637 0.264575
1 0.219236 0.410349 0.370415
0 0.389089 0.324451 0.28646
0 0.346794 0.317184 0.336021
0 0.492514 0.30695 0.200535
0 0.524495 0.289899 0.185606
0 0.487423 0.371495 0.141083
1 0.216306 0.516317 0.267378
0 0.477379 0.19664 0.325981
1 0.403713 0.505321 0.090966
1 0.292035 0.417023 0.290942
-1 0.329565 0.262355 0.408081
0 0.36992 0.293402 0.336678
-1 0.292951 0.21524 0.49181
-1 0.407175 0.175951 0.416874
0 0.479676 0.403151 0.117173
1 0.179201 0.432177 0.388622
-1 0.414767 0.0963879 0.488845
