labels 0 -1 1
-1 0.256482 0.443576 0.299942
1 0.364118 0.190873 0.445009
-1 0.169742 0.657216 0.173042
0 0.430568 0.268915 0.300518
0 0.42514 0.204316 0.370544
1 0.171447 0.358672 0.469881
1 0.0944521 0.424184 0.481363
0 0.6544 0.131758 0.213841
-1 0.255383 0.462826 0.281791
-1 0.129776 0.652892 0.217332
0 0.606628 0.266234 0.127137
0 0.861287 0.030053 0.10866
-1 0.192455 0.60505 0.202496
1 0.315687 0.258999 0.425314
0 0.766434 0.0918162 0.14175
0 0.424198 0.17986 0.395942
1 0.23439 0.32664 0.43897
1 0.261767 0.179857 0.558376
1 0.178267 0.276188 0.545545
1 0.217962 0.273634 0.508404
-1 0.211792 0.472829 0.315379
1 0.344763 0.196612 0.458625
1 0.168153 0.208265 0.623582
1 0.0920871 0.244318 0.663595
-1 0.155858 0.425495 0.418647
0 0.78928 0.0538986 0.156821
1 0.467569 0.0510587 0.481372
1 0.179292 0.124666 0.696041
0 0.866738 0.0762303 0.0570319
0 0.600794 0.221274 0.177932
1 0.442255 0.10196 0.455785
0 0.452825 0.184307 0.362868
1 0.410328 0.123676 0.465997
1 0.107155 0.283333 0.609512
1 0.280249 0.359472 0.360279
1 0.307457 0.159545 0.532998
1 0.116888 0.395822 0.48729
-1 0.120383 0.67724 0.202377
1 0.277013 0.19865 0.524337
0 0.821997 0.108303 0.0696999
0 0.91891 0.024559 0.0565309
-1 0.28331 0.449577 0.267113
1 0.186248 0.239718 0.574034
1 0.14088 0.301674 0.557446
-1 0.262112 0.388955 0.348933
1 0.163228 0.133784 0.702988
0 0.749735 0.0717557 0.17851
-1 0.112091 0.482261 0.405648
-1 0.198122 0.544925 0.256953
0 0.441982 0.292916 0.265103
0 0.363463 0.328813 0.307725
1 0.273784 0.298385 0.42783
0 0.408919 0.243091 0.347989
-1 0.292766 0.434233 0.273001
-1 0.367721 0.488068 0.144211
1 0.189807 0.176958 0.633234
0 0.44758 0.218811 0.333609
-1 0.122021 0.503934 0.374045
-1 0.322896 0.362803 0.3143
-1 0.184862 0.431361 0.383778
1 0.086297 0.282871 0.630832
1 0.0664412 0.223 0.710559
1 0.156972 0.243605 0.599422
1 0.115168 0.308616 0.576216
1 0.0745421 0.229536 0.695921
1 0.0897249 0.301598 0.608677
-1 0.159933 0.431045 0.409022
0 0.368239 0.36785 0.263911
-1 0.111592 0.673291 0.215117
1 0.181436 0.347198 0.471366
1 0.155092 0.340034 0.504873
1 0.176728 0.36323 0.460042
1 0.178139 0.402382 0.419479
1 0.16363 0.267719 0.568652
-1 0.181211 0.551498 0.267291
-1 0.216771 0.445386 0.337843
1 0.0955479 0.300099 0.604353
-1 0.381768 0.389427 0.228804
1 0.139245 0.181359 0.679396
-1 0.421179 0.504275 0.0745455
0 0.479153 0.474625 0.0462216
0 0.637365 0.323564 0.039071
0 0.44549 0.246374 0.308136
1 0.130646 0.281211 0.588143
-1 0.344366 0.391876 0.263758
-1 0.357375 0.442136 0.200489
-1 0.207342 0.608811 0.183848
1 0.140015 0.236619 0.623366
-1 0.112176 0.658681 0.229143
1 0.21543 0.313793 0.470777
1 0.137206 0.212143 0.650651
-1 0.24342 0.471624 0.284956
1 0.203799 0.199113 0.597087
-1 0.140092 0.762748 0.0971604
1 0.0875589 0.219245 0.693196
1 0.273893 0.311524 0.414583
0 0.417321 0.248509 0.334171
-1 0.248744 0.405024 0.346232
-1 0.318842 0.530323 0.150835
-1 0.389787 0.521925 0.0882889
-1 0.336474 0.376275 0.287251
1 0.0953112 0.123638 0.781051
-1 0.135893 0.615051 0.249056
1 0.135813 0.121496 0.742691
-1 0.230074 0.660289 0.109637
-1 0.112622 0.503308 0.38407
1 0.160407 0.295593 0.544
-1 0.301927 0.625354 0.0727185
-1 0.297493 0.467575 0.234932
-1 0.221199 0.534668 0.244133
-1 0.14038 0.587216 0.272404
-1 0.228824 0.494468 0.276708
-1 0.211289 0.722299 0.0664115
-1 0.127994 0.775666 0.0963393
-1 0.100441 0.603328 0.296231
0 0.426264 0.150934 0.422802
1 0.269082 0.201059 0.529859
-1 0.259413 0.546507 0.194079
-1 0.218025 0.402272 0.379703
-1 0.322347 0.59445 0.0832033
1 0.175563 0.33489 0.489546
-1 0.240423 0.456269 0.303308
0 0.557209 0.219811 0.222979
0 0.873739 0.0664337 0.0598269
-1 0.202136 0.586706 0.211158
-1 0.149755 0.726284 0.123961
-1 0.307471 0.442677 0.249852
-1 0.123092 0.546606 0.330302
1 0.294982 0.146843 0.558175
-1 0.114598 0.451392 0.43401
0 0.750512 0.209853 0.0396347
-1 0.351064 0.430151 0.218785
-1 0.219487 0.67054 0.109973
0 0.402969 0.379194 0.217838
1 0.185559 0.233967 0.580474
1 0.1623 0.285353 0.552347
1 0.101131 0.197492 0.701376
-1 0.266851 0.390664 0.342485
1 0.235961 0.195855 0.568184
-1 0.217996 0.460747 0.321257
-1 0.301457 0.471565 0.226978
0 0.716715 0.160678 0.122606
-1 0.254555 0.649562 0.095883
-1 0.390821 0.551902 0.0572768
-1 0.374493 0.439448 0.186059
0 0.463662 0.313245 0.223093
-1 0.222066 0.470381 0.307553
-1 0.080014 0.700357 0.219629
0 0.466932 0.26581 0.267258
1 0.388131 0.121336 0.490533
-1 0.10388 0.61729 0.27883
0 0.356808 0.316113 0.327079
0 0.547415 0.112248 0.340337
-1 0.150098 0.486167 0.363735
0 0.899118 0.0215919 0.0792903
1 0.360511 0.273568 0.365921
1 0.440114 0.0706783 0.489207
0 0.371136 0.332873 0.295991
0 0.569879 0.0871134 0.343007
-1 0.179803 0.692952 0.127245
1 0.392281 0.103566 0.504153
0 0.472215 0.229514 0.298271
0 0.666101 0.156229 0.177671
1 0.159138 0.164539 0.676323
1 0.156467 0.284412 0.559121
1 0.149256 0.223582 0.627163
0 0.450302 0.202822 0.346876
0 0.526187 0.170222 0.303591
-1 0.23567 0.588499 0.175831
1 0.148591 0.180257 0.671152
0 0.544778 0.108176 0.347045
0 0.523153 0.171823 0.305025
-1 0.186308 0.661216 0.152477
0 0.551598 0.383439 0.0649622
-1 0.0832386 0.83001 0.0867515
0 0.733603 0.185492 0.0809042
1 0.353041 0.154771 0.492188
1 0.286588 0.26662 0.446792
-1 0.165462 0.577706 0.256832
0 0.588246 0.158448 0.253306
1 0.27127 0.23852 0.490211
0 0.53035 0.123864 0.345786
-1 0.295667 0.422846 0.281487
0 0.890143 0.0134874 0.0963696
0 0.475595 0.135821 0.388584
0 0.736547 0.05697 0.206484
1 0.184306 0.202521 0.613172
1 0.242348 0.202586 0.555066
1 0.142061 0.200205 0.657734
1 0.256038 0.214927 0.529035
1 0.231584 0.246886 0.52153
-1 0.1967 0.662065 0.141235
0 0.442461 0.336995 0.220544
0 0.374722 0.301554 0.323724
1 0.318226 0.296153 0.385621
-1 0.322868 0.385927 0.291205
-1 0.279401 0.448492 0.272107
-1 0.281065 0.372817 0.346118
1 0.126876 0.291707 0.581417
1 0.191254 0.203533 0.605212
1 0.254199 0.209362 0.536439
0 0.622726 0.266931 0.110342
1 0.339087 0.270254 0.39066
0 0.703588 0.199107 0.0973045
1 0.450198 0.0509839 0.498818
0 0.607781 0.15863 0.233589
0 0.834339 0.103179 0.0624819
-1 0.156573 0.580231 0.263197
-1 0.0781587 0.464884 0.456957
0 0.340035 0.337183 0.322783
0 0.430415 0.368317 0.201269
-1 0.187195 0.577501 0.235304
-1 0.311601 0.443919 0.24448
-1 0.0924038 0.574356 0.33324
0 0.474211 0.295655 0.230134
-1 0.0789812 0.660544 0.260475
1 0.376619 0.128916 0.494464
1 0.0389851 0.417925 0.54309
1 0.233769 0.337502 0.428729
1 0.151229 0.338184 0.510586
1 0.0750786 0.419507 0.505414
-1 0.0802109 0.465559 0.45423
1 0.139797 0.176539 0.683663
1 0.136817 0.202974 0.66021
1 0.422326 0.11294 0.464733
0 0.869666 0.113788 0.016546
-1 0.198568 0.767137 0.0342957
-1 0.109624 0.743251 0.147125
0 0.569541 0.280931 0.149528
0 0.396204 0.348736 0.25506
-1 0.212736 0.542753 0.244511
1 0.239295 0.380054 0.380652
1 0.308091 0.17951 0.5124
1 0.182567 0.274892 0.542541
1 0.313729 0.181968 0.504304
0 0.418692 0.247256 0.334052
0 0.524671 0.111201 0.364128
0 0.594332 0.161792 0.243876
1 0.339422 0.0545068 0.606071
0 0.466136 0.27348 0.260384
0 0.663277 0.103479 0.233243
0 0.511174 0.105503 0.383322
1 0.176047 0.139486 0.684467
0 0.470273 0.441857 0.0878706
1 0.404776 0.187597 0.407626
-1 0.342892 0.429857 0.227252
0 0.497463 0.320154 0.182383
0 0.468825 0.0767336 0.454442
1 0.213379 0.368784 0.417837
-1 0.159394 0.714518 0.126089
