labels 1 -1 0
0 0.287178 0.164755 0.548066
-1 0.400938 0.460396 0.138666
0 0.315796 0.174901 0.509303
0 0.285638 0.200228 0.514134
0 0.177836 0.136302 0.685862
0 0.172697 0.251066 0.576238
-1 0.161185 0.44672 0.392095
0 0.0247879 0.0328617 0.94235
0 0.206193 0.272659 0.521148
0 0.124448 0.282182 0.59337
-1 0.164185 0.445964 0.38985
-1 0.239031 0.511147 0.249823
0 0.218829 0.263387 0.517784
0 0.242203 0.311307 0.44649
0 0.0763388 0.209221 0.714441
0 0.126755 0.201034 0.672212
0 0.173775 0.303058 0.523166
-1 0.294099 0.375578 0.330323
1 0.409844 0.336615 0.253541
-1 0.35941 0.372829 0.267761
-1 0.23098 0.416599 0.352421
0 0.261948 0.187355 0.550697
1 0.625111 0.147973 0.226916
-1 0.333388 0.389813 0.2768
-1 0.400158 0.478875 0.120967
0 0.341447 0.269769 0.388784
1 0.46048 0.361405 0.178115
0 0.0956047 0.139494 0.764901
-1 0.271518 0.605259 0.123223
0 0.245957 0.340755 0.413288
-1 0.328583 0.465968 0.205448
0 0.270567 0.342131 0.387302
0 0.317662 0.302117 0.38022
-1 0.17157 0.658789 0.16964
-1 0.30661 0.456742 0.236648
0 0.0264853 0.055244 0.918271
-1 0.19274 0.501803 0.305457
0 0.238519 0.189989 0.571492
-1 0.299947 0.424193 0.275859
-1 0.345427 0.444765 0.209809
1 0.404643 0.282653 0.312704
1 0.408967 0.318746 0.272287
-1 0.272772 0.40873 0.318498
-1 0.317614 0.364175 0.318211
-1 0.248483 0.423306 0.328211
0 0.176675 0.127905 0.69542
0 0.01508 0.0962704 0.88865
0 0.137257 0.0994924 0.763251
-1 0.20943 0.484381 0.306189
0 0.230367 0.364919 0.404714
-1 0.227314 0.513776 0.25891
-1 0.25309 0.601245 0.145665
0 0.0902182 0.223162 0.68662
0 0.0517985 0.274328 0.673873
0 0.0950041 0.343912 0.561084
0 0.0974135 0.132463 0.770123
0 0.112508 0.353367 0.534125
-1 0.187717 0.483898 0.328384
-1 0.323723 0.447326 0.228951
-1 0.202392 0.610433 0.187175
-1 0.247723 0.485229 0.267048
1 0.414401 0.384387 0.201211
1 0.450411 0.383715 0.165873
-1 0.29136 0.535624 0.173016
1 0.438184 0.395238 0.166578
1 0.50003 0.316872 0.183098
0 0.29957 0.235719 0.464711
0 0.176265 0.212705 0.61103
0 0.274955 0.228734 0.496311
-1 0.159742 0.654456 0.185802
1 0.537809 0.284908 0.177283
-1 0.242614 0.453102 0.304284
-1 0.186005 0.632585 0.18141
-1 0.274465 0.506639 0.218895
0 0.167581 0.386628 0.445791
-1 0.299343 0.410613 0.290045
0 0.19718 0.327567 0.475253
-1 0.0936209 0.524227 0.382152
-1 0.301902 0.443262 0.254836
0 0.0275437 0.0401447 0.932312
0 0.223706 0.330094 0.4462
0 0.277058 0.261948 0.460993
1 0.507484 0.291926 0.20059
1 0.721146 0.186319 0.0925354
1 0.609949 0.203139 0.186912
1 0.62653 0.241969 0.131501
1 0.556029 0.262389 0.181582
1 0.562313 0.243578 0.194109
1 0.587026 0.218588 0.194386
-1 0.314258 0.403004 0.282738
1 0.687962 0.129055 0.182983
0 0.327921 0.327128 0.344951
1 0.488759 0.259603 0.251639
1 0.391925 0.231981 0.376095
1 0.507794 0.309196 0.18301
1 0.481673 0.33335 0.184977
1 0.441282 0.372015 0.186703
1 0.456203 0.320956 0.222842
0 0.41209 0.175809 0.412101
1 0.527112 0.191537 0.281351
1 0.471877 0.289282 0.238841
-1 0.373992 0.474232 0.151776
-1 0.346845 0.503833 0.149322
1 0.399317 0.381349 0.219334
1 0.532668 0.304698 0.162634
1 0.3823 0.312763 0.304937
1 0.564386 0.316432 0.119182
0 0.398405 0.195687 0.405909
1 0.406776 0.390023 0.203201
1 0.429193 0.351227 0.21958
1 0.525547 0.272364 0.20209
1 0.57881 0.130745 0.290445
0 0.182314 0.156849 0.660837
1 0.412986 0.268265 0.318749
1 0.600566 0.164141 0.235293
1 0.69835 0.251443 0.0502067
1 0.627348 0.191071 0.181581
1 0.40459 0.271127 0.324283
1 0.374939 0.28861 0.33645
1 0.361026 0.300838 0.338136
0 0.326311 0.335297 0.338393
0 0.265062 0.179496 0.555443
0 0.121035 0.362456 0.516509
0 0.0810933 0.164423 0.754483
0 0.118158 0.283814 0.598028
0 0.206633 0.364857 0.42851
0 0.179564 0.300042 0.520394
1 0.428183 0.156539 0.415277
-1 0.196595 0.420331 0.383074
-1 0.36867 0.496949 0.134381
-1 0.302266 0.451915 0.245819
-1 0.305103 0.414324 0.280573
-1 0.211914 0.565141 0.222945
-1 0.300479 0.414025 0.285496
-1 0.440267 0.477306 0.0824273
-1 0.387921 0.430014 0.182065
1 0.504072 0.348661 0.147268
0 0.218831 0.388815 0.392354
-1 0.241545 0.475474 0.282981
0 0.204743 0.365582 0.429675
0 0.223908 0.353444 0.422649
0 0.0948718 0.224218 0.68091
0 0.249289 0.314679 0.436032
0 0.167381 0.210468 0.622151
0 0.221256 0.334144 0.444599
0 0.295773 0.243674 0.460554
0 0.143459 0.248505 0.608035
0 0.184312 0.15724 0.658448
0 0.265369 0.197007 0.537623
0 0.2367 0.0733891 0.689911
0 0.272787 0.27491 0.452304
1 0.421821 0.311405 0.266774
0 0.380401 0.204387 0.415212
-1 0.396357 0.47403 0.129613
1 0.533675 0.188474 0.277852
1 0.49967 0.316875 0.183455
1 0.660306 0.201032 0.138663
0 0.22819 0.136745 0.635065
1 0.644247 0.193508 0.162244
0 0.32305 0.177026 0.499924
0 0.336943 0.174669 0.488388
1 0.421266 0.284858 0.293876
1 0.554395 0.288067 0.157537
1 0.627974 0.294178 0.0778477
0 0.367214 0.264207 0.368579
1 0.649447 0.178113 0.17244
1 0.535311 0.0696548 0.395035
0 0.411885 0.131925 0.456189
1 0.350559 0.338843 0.310598
1 0.466403 0.401828 0.131769
0 0.154241 0.174514 0.671246
0 0.336928 0.215306 0.447766
1 0.462209 0.293522 0.244269
0 0.126422 0.181309 0.692268
0 0.314905 0.131408 0.553687
0 0.175774 0.0598954 0.764331
-1 0.327906 0.500375 0.171719
1 0.379225 0.339663 0.281112
-1 0.176297 0.46144 0.362263
0 0.12977 0.364009 0.506221
0 0.181135 0.325857 0.493008
0 0.136863 0.186449 0.676688
-1 0.308102 0.548508 0.14339
1 0.457491 0.405648 0.136861
-1 0.319516 0.449544 0.23094
-1 0.0902556 0.469732 0.440012
-1 0.25956 0.591868 0.148572
0 0.257683 0.36269 0.379628
0 0.339898 0.29636 0.363742
0 0.196117 0.195405 0.608479
0 0.313645 0.295018 0.391337
1 0.41603 0.403723 0.180247
0 0.234376 0.252139 0.513484
1 0.488353 0.172653 0.338994
1 0.350445 0.308081 0.341474
1 0.433331 0.351861 0.214808
-1 0.358963 0.420981 0.220057
-1 0.28734 0.478088 0.234572
1 0.41415 0.321178 0.264672
1 0.459699 0.260324 0.279977
1 0.557449 0.24827 0.194281
1 0.497504 0.25156 0.250936
1 0.438729 0.199015 0.362255
-1 0.37182 0.432833 0.195347
-1 0.291687 0.37759 0.330723
1 0.393864 0.376973 0.229163
0 0.370349 0.187128 0.442523
1 0.36235 0.328794 0.308855
1 0.383724 0.277629 0.338647
1 0.402092 0.298883 0.299025
-1 0.311634 0.471349 0.217017
0 0.181248 0.400925 0.417827
0 0.147698 0.0828606 0.769442
0 0.190691 0.328785 0.480524
0 0.254529 0.138276 0.607196
-1 0.336164 0.381788 0.282048
-1 0.372699 0.531916 0.095385
1 0.447111 0.369723 0.183166
1 0.475938 0.319922 0.20414
-1 0.326659 0.362137 0.311203
-1 0.301127 0.455535 0.243338
-1 0.2705 0.390849 0.338651
-1 0.348444 0.474015 0.17754
1 0.449313 0.349083 0.201604
0 0.00843699 0.00856949 0.982994
0 0.0618118 0.118586 0.819602
0 0.173407 0.0652896 0.761304
0 0.218509 0.170596 0.610895
0 0.196328 0.111075 0.692597
0 0.123428 0.0500083 0.826564
0 0.145761 0.115754 0.738484
0 0.182417 0.238954 0.578628
0 0.111132 0.178387 0.710481
-1 0.125204 0.516882 0.357914
0 0.119794 0.173047 0.707159
0 0.207711 0.311695 0.480594
0 0.156539 0.299797 0.543665
0 0.223012 0.130631 0.646357
0 0.0825364 0.108428 0.809035
1 0.544725 0.29853 0.156745
1 0.390195 0.235357 0.374448
-1 0.338735 0.375527 0.285737
-1 0.284882 0.501796 0.213322
-1 0.327849 0.448402 0.223749
-1 0.217837 0.428995 0.353167
-1 0.377802 0.478379 0.14382
-1 0.36322 0.374575 0.262205
0 0.18904 0.267029 0.543931
1 0.376012 0.271204 0.352784
0 0.402374 0.139968 0.457659
