labels 1 -1 0
0 0.0667099 0.14911 0.78418
0 0.227949 0.321459 0.450591
0 0.0873307 0.167298 0.745371
0 0.172554 0.199153 0.628293
0 0.131217 0.0532712 0.815511
0 0.085141 0.190597 0.724262
0 0.0518341 0.352781 0.595385
0 0.029378 0.0662492 0.904373
-1 0.0810022 0.509552 0.409446
0 0.0871331 0.128652 0.784215
-1 0.0188148 0.757846 0.223339
0 0.134097 0.338999 0.526904
0 0.0225825 0.226639 0.750778
-1 0.124295 0.538119 0.337586
0 0.0367817 0.0554232 0.907795
0 0.196197 0.056882 0.746921
0 0.0355103 0.249669 0.714821
0 0.117645 0.135068 0.747287
0 0.20124 0.136317 0.662443
0 0.368871 0.194784 0.436345
-1 0.195034 0.420199 0.384766
0 0.331513 0.166002 0.502485
0 0.151451 0.0835924 0.764957
1 0.701334 0.116142 0.182524
-1 0.0759969 0.796031 0.127972
1 0.748414 0.108158 0.143428
-1 0.273715 0.63618 0.0901042
0 0.114362 0.27364 0.611998
-1 0.125875 0.747561 0.126563
1 0.44014 0.413267 0.146592
-1 0.0321083 0.813994 0.153897
-1 0.0640181 0.512164 0.423818
0 0.138451 0.227361 0.634188
-1 0.0309493 0.54826 0.42079
-1 0.326627 0.538112 0.135261
0 0.0475848 0.252501 0.699914
-1 0.101957 0.522512 0.375531
0 0.0716776 0.102775 0.825547
0 0.0567262 0.358003 0.585271
0 0.025525 0.193746 0.780729
0 0.0799527 0.149595 0.770453
-1 0.221044 0.447503 0.331452
0 0.0791081 0.351138 0.569754
0 0.108152 0.110782 0.781066
0 0.0371547 0.229806 0.733039
0 0.0212042 0.0313377 0.947458
0 0.0878871 0.117004 0.795109
0 0.42741 0.0983611 0.474229
0 0.0205702 0.224857 0.754573
0 0.0583129 0.327282 0.614405
-1 0.16742 0.534852 0.297728
-1 0.084688 0.626352 0.28896
0 0.139139 0.0946275 0.766233
0 0.0193202 0.0532586 0.927421
0 0.00357389 0.0475908 0.948835
0 0.00539181 0.0162479 0.97836
0 0.0540135 0.211006 0.73498
0 0.0940497 0.266885 0.639065
0 0.0923624 0.257465 0.650172
-1 0.0669086 0.719054 0.214037
0 0.16954 0.108617 0.721843
0 0.365465 0.156056 0.478479
1 0.806963 0.104454 0.0885828
1 0.47359 0.137087 0.389323
0 0.393464 0.185239 0.421297
0 0.452308 0.0623406 0.485351
1 0.535785 0.170716 0.293499
0 0.277185 0.0912606 0.631554
1 0.382296 0.32288 0.294824
-1 0.110834 0.45783 0.431336
1 0.568031 0.164666 0.267303
-1 0.065624 0.544072 0.390304
1 0.485104 0.295048 0.219848
-1 0.0530025 0.586747 0.360251
-1 0.161518 0.582489 0.255993
0 0.0694107 0.0829609 0.847628
0 0.169074 0.140031 0.690895
-1 0.114746 0.470022 0.415232
0 0.211067 0.386933 0.402
0 0.0178598 0.056685 0.925455
0 0.327964 0.079025 0.593011
0 0.0286945 0.0711076 0.900198
1 0.856926 0.0669703 0.0761038
0 0.33712 0.0730872 0.589793
1 0.664401 0.238987 0.0966117
1 0.581839 0.109341 0.30882
0 0.410535 0.078282 0.511183
1 0.696992 0.174914 0.128094
0 0.339132 0.10191 0.558958
1 0.35401 0.34968 0.29631
0 0.260633 0.224382 0.514985
1 0.726091 0.104615 0.169294
1 0.632444 0.160113 0.207443
0 0.113901 0.200253 0.685845
1 0.59028 0.0952195 0.314501
1 0.478494 0.156918 0.364588
-1 0.422997 0.427349 0.149655
1 0.520164 0.0397081 0.440128
0 0.252898 0.160569 0.586533
0 0.17909 0.0563855 0.764524
0 0.325788 0.0749197 0.599292
-1 0.323051 0.59864 0.0783096
1 0.72626 0.149949 0.123791
-1 0.383305 0.515966 0.10073
1 0.736078 0.124674 0.139248
0 0.233144 0.0658184 0.701038
1 0.463836 0.452294 0.0838705
1 0.901212 0.0104629 0.0883247
1 0.493711 0.25246 0.253828
1 0.408528 0.19658 0.394892
0 0.181685 0.174113 0.644203
1 0.559158 0.0731671 0.367675
0 0.0465591 0.021103 0.932338
0 0.159629 0.304616 0.535755
1 0.488356 0.119675 0.391969
1 0.497104 0.165492 0.337404
0 0.31219 0.25788 0.42993
0 0.347985 0.227105 0.424909
0 0.242506 0.331327 0.426167
0 0.0579155 0.346972 0.595112
0 0.0442301 0.121845 0.833925
0 0.27729 0.0983831 0.624327
0 0.116568 0.305699 0.577733
0 0.316474 0.0334526 0.650074
0 0.0772213 0.090757 0.832022
0 0.0919438 0.177677 0.730379
1 0.46893 0.186632 0.344437
0 0.248291 0.200719 0.550989
1 0.642854 0.0846517 0.272494
1 0.461063 0.345492 0.193445
1 0.504534 0.215557 0.279909
1 0.623161 0.278048 0.0987907
-1 0.249649 0.447999 0.302352
1 0.604087 0.240348 0.155565
1 0.75725 0.144762 0.0979877
1 0.44127 0.167242 0.391488
1 0.720969 0.122654 0.156378
0 0.0944237 0.187523 0.718054
1 0.45295 0.192075 0.354974
0 0.0300298 0.118536 0.851434
0 0.142353 0.329735 0.527911
0 0.0146726 0.198174 0.787154
0 0.285506 0.144942 0.569551
0 0.301093 0.0532673 0.64564
0 0.0448349 0.0338826 0.921282
0 0.300906 0.0353878 0.663706
0 0.0961236 0.0497729 0.854104
0 0.323103 0.0336494 0.643247
0 0.417189 0.0478826 0.534928
0 0.0296603 0.0182091 0.952131
0 0.226489 0.140018 0.633493
0 0.125568 0.303234 0.571198
0 0.148578 0.060164 0.791258
1 0.615201 0.214833 0.169966
1 0.548794 0.109374 0.341833
1 0.686286 0.151761 0.161952
0 0.375583 0.146283 0.478134
0 0.386368 0.0799956 0.533636
1 0.386166 0.256768 0.357066
0 0.0986584 0.103366 0.797975
-1 0.332156 0.456318 0.211526
0 0.0739696 0.191671 0.734359
1 0.515832 0.33221 0.151958
-1 0.339612 0.570182 0.090206
-1 0.244097 0.504708 0.251194
-1 0.271605 0.452888 0.275506
1 0.670732 0.0416905 0.287578
0 0.0549315 0.125558 0.81951
1 0.373678 0.305867 0.320455
-1 0.151068 0.477506 0.371426
0 0.247794 0.0465838 0.705622
0 0.169536 0.31685 0.513614
0 0.41352 0.102389 0.484091
0 0.20956 0.159566 0.630874
0 0.314054 0.0465087 0.639437
0 0.117692 0.118703 0.763605
1 0.453479 0.359 0.187521
0 0.118249 0.334452 0.547299
0 0.143823 0.215982 0.640196
0 0.0430425 0.321819 0.635139
0 0.230274 0.231084 0.538641
0 0.135217 0.159199 0.705583
-1 0.213292 0.475399 0.311309
-1 0.183173 0.693341 0.123486
-1 0.227135 0.484203 0.288662
-1 0.0350806 0.615781 0.349139
-1 0.165674 0.476226 0.3581
-1 0.0569444 0.647021 0.296034
0 0.0449423 0.226677 0.728381
0 0.00597514 0.0550902 0.938935
0 0.0788457 0.171801 0.749353
0 0.250431 0.232635 0.516935
0 0.0601355 0.246295 0.69357
0 0.0958069 0.253171 0.651022
1 0.438162 0.282241 0.279597
1 0.456365 0.340718 0.202917
1 0.792228 0.137236 0.0705357
1 0.493138 0.197838 0.309025
0 0.222464 0.137073 0.640463
1 0.526137 0.261661 0.212202
1 0.670731 0.144653 0.184616
0 0.178401 0.135702 0.685898
0 0.312968 0.274834 0.412198
1 0.506739 0.124936 0.368325
0 0.323934 0.105426 0.57064
0 0.342191 0.295804 0.362005
0 0.427187 0.0295051 0.543308
0 0.362028 0.231345 0.406627
0 0.307757 0.0729007 0.619342
1 0.443547 0.233977 0.322477
-1 0.0491667 0.695784 0.255049
0 0.276753 0.19517 0.528076
0 0.121584 0.0396881 0.838728
0 0.056883 0.305254 0.637863
0 0.08013 0.175478 0.744392
0 0.425835 0.124724 0.449441
-1 0.120453 0.582301 0.297245
1 0.624963 0.135122 0.239915
0 0.273879 0.34939 0.376731
0 0.276633 0.165319 0.558047
-1 0.138771 0.437788 0.423442
0 0.15713 0.237439 0.605431
0 0.346634 0.246108 0.407258
0 0.182224 0.147677 0.6701
0 0.147304 0.0294468 0.82325
0 0.168485 0.106828 0.724687
0 0.0518566 0.160503 0.78764
0 0.0387994 0.199387 0.761813
0 0.27314 0.0608626 0.665997
0 0.188503 0.0926676 0.718829
0 0.272409 0.314554 0.413038
0 0.316324 0.221035 0.462641
0 0.0620099 0.117898 0.820092
0 0.183993 0.240343 0.575664
0 0.184077 0.197451 0.618472
0 0.248803 0.301251 0.449946
0 0.15392 0.217872 0.628208
0 0.0867383 0.191 0.722262
0 0.0443088 0.0347882 0.920903
-1 0.146743 0.708536 0.144721
-1 0.292122 0.457647 0.250231
0 0.0907352 0.449823 0.459441
-1 0.0948748 0.826676 0.0784491
1 0.420668 0.290076 0.289256
1 0.529857 0.262081 0.208062
-1 0.207174 0.646411 0.146416
0 0.0324902 0.222543 0.744967
0 0.414587 0.0756353 0.509778
0 0.0893256 0.0454439 0.865231
0 0.0812885 0.0243697 0.894342
