labels 1 -1 0
0 0.352221 0.238412 0.409367
1 0.485912 0.333385 0.180703
0 0.346564 0.292759 0.360677
1 0.371074 0.259421 0.369506
0 0.242615 0.13918 0.618205
0 0.342029 0.262858 0.395113
1 0.407015 0.367905 0.225081
0 0.18388 0.116462 0.699658
0 0.234503 0.28543 0.480067
0 0.201912 0.282521 0.515567
0 0.305605 0.329731 0.364665
1 0.411939 0.298842 0.289219
0 0.320624 0.222112 0.457264
-1 0.346638 0.400594 0.252769
0 0.213424 0.128018 0.658558
0 0.288508 0.189465 0.522027
0 0.25001 0.182135 0.567854
1 0.476848 0.198242 0.32491
1 0.491988 0.243663 0.264349
1 0.442761 0.273934 0.283305
0 0.296341 0.279711 0.423948
0 0.233022 0.146688 0.62029
1 0.634279 0.228622 0.1371
1 0.609578 0.279392 0.111029
-1 0.326615 0.433052 0.240333
0 0.279004 0.269027 0.451969
1 0.406288 0.302468 0.291244
0 0.218319 0.211799 0.569882
-1 0.378475 0.478482 0.143042
0 0.329804 0.251778 0.418418
-1 0.328713 0.373324 0.297963
0 0.301798 0.262089 0.436113
0 0.259386 0.329934 0.41068
-1 0.334803 0.453826 0.211371
-1 0.32814 0.366385 0.305475
0 0.104988 0.138882 0.756131
0 0.248549 0.341604 0.409847
0 0.211997 0.32232 0.465683
-1 0.301424 0.484295 0.214281
-1 0.344047 0.429946 0.226006
-1 0.339134 0.415022 0.245844
-1 0.415118 0.451151 0.133731
-1 0.383958 0.411189 0.204852
1 0.468563 0.383389 0.148048
1 0.439191 0.421171 0.139638
1 0.390488 0.312244 0.297268
0 0.0932058 0.125324 0.78147
0 0.289931 0.334407 0.375662
1 0.403941 0.403154 0.192904
1 0.380866 0.306927 0.312207
1 0.485907 0.395251 0.118842
1 0.459904 0.426881 0.113215
1 0.400272 0.343612 0.256116
-1 0.390321 0.398357 0.211322
-1 0.1998 0.541588 0.258611
1 0.478419 0.317729 0.203852
0 0.29629 0.33761 0.3661
-1 0.276984 0.506389 0.216627
1 0.495212 0.355138 0.14965
1 0.497593 0.349938 0.152469
1 0.442526 0.33726 0.220213
1 0.474346 0.346521 0.179132
1 0.510628 0.327192 0.16218
1 0.468391 0.385518 0.146092
1 0.524349 0.31681 0.15884
-1 0.419267 0.440914 0.139819
1 0.42209 0.361008 0.216902
1 0.374354 0.316539 0.309107
1 0.443469 0.389805 0.166726
1 0.50616 0.317268 0.176573
1 0.555812 0.323943 0.120244
1 0.454823 0.366378 0.178799
-1 0.305129 0.519834 0.175037
1 0.495902 0.343069 0.161029
1 0.435854 0.35707 0.207076
1 0.463548 0.374578 0.161874
1 0.517459 0.285625 0.196916
-1 0.320709 0.449694 0.229597
1 0.543823 0.316537 0.139641
0 0.238315 0.0952795 0.666406
-1 0.351792 0.367055 0.281153
0 0.305149 0.269404 0.425447
-1 0.368007 0.401521 0.230472
1 0.512657 0.343728 0.143615
1 0.495704 0.337501 0.166795
1 0.440634 0.382661 0.176706
-1 0.154003 0.624622 0.221375
1 0.511353 0.317013 0.171634
1 0.436562 0.383863 0.179574
-1 0.369268 0.48352 0.147212
1 0.496016 0.305238 0.198747
-1 0.251642 0.486753 0.261605
1 0.5264 0.28113 0.19247
1 0.406819 0.322252 0.270929
1 0.497706 0.273794 0.2285
1 0.507604 0.30507 0.187326
-1 0.342432 0.428498 0.22907
1 0.414771 0.392117 0.193113
1 0.387524 0.324717 0.287759
1 0.549631 0.237602 0.212768
1 0.422291 0.388302 0.189407
1 0.558923 0.300763 0.140314
-1 0.224524 0.589952 0.185524
1 0.501727 0.321233 0.17704
1 0.421797 0.417356 0.160847
1 0.4841 0.305234 0.210666
1 0.547602 0.271749 0.180649
0 0.28536 0.18817 0.52647
1 0.443922 0.389774 0.166304
1 0.428827 0.342317 0.228856
1 0.393592 0.339767 0.266641
1 0.520515 0.241196 0.238289
0 0.194263 0.299295 0.506441
0 0.313149 0.307535 0.379316
1 0.425722 0.308001 0.266277
1 0.464862 0.361246 0.173892
1 0.427549 0.388104 0.184347
-1 0.241279 0.550628 0.208093
-1 0.321196 0.486961 0.191843
-1 0.271064 0.491444 0.237492
1 0.445316 0.301855 0.252828
0 0.323964 0.193255 0.482781
1 0.404641 0.272413 0.322946
0 0.186047 0.191151 0.622801
0 0.330953 0.260165 0.408882
0 0.284605 0.30401 0.411385
0 0.303961 0.216258 0.479781
1 0.372506 0.304361 0.323132
1 0.435356 0.26627 0.298375
1 0.432329 0.358765 0.208906
-1 0.203116 0.552542 0.244341
-1 0.266017 0.525019 0.208964
-1 0.377893 0.458334 0.163773
1 0.419823 0.315785 0.264392
1 0.534683 0.333488 0.131829
1 0.420718 0.344573 0.234709
1 0.498017 0.314096 0.187887
-1 0.285792 0.482312 0.231896
-1 0.308811 0.460907 0.230282
1 0.396591 0.392045 0.211364
1 0.432753 0.325133 0.242114
0 0.317236 0.244035 0.438729
0 0.296084 0.261752 0.442163
0 0.248056 0.136818 0.615126
0 0.296277 0.231896 0.471826
0 0.221561 0.325538 0.4529
0 0.294827 0.242388 0.462785
0 0.312472 0.325663 0.361865
0 0.200152 0.124532 0.675316
1 0.450065 0.102855 0.44708
0 0.225723 0.266547 0.507731
0 0.190968 0.217749 0.591283
0 0.21137 0.112773 0.675857
-1 0.301362 0.462372 0.236266
0 0.206882 0.130638 0.662481
0 0.255143 0.247402 0.497455
1 0.378283 0.274928 0.346788
0 0.124387 0.0986319 0.776981
1 0.394183 0.326641 0.279176
0 0.191534 0.164247 0.644219
1 0.390805 0.365368 0.243827
1 0.384664 0.358164 0.257172
-1 0.292056 0.462544 0.2454
1 0.450503 0.388371 0.161126
1 0.373967 0.357202 0.268831
1 0.492635 0.316257 0.191109
0 0.357139 0.26658 0.376282
0 0.345656 0.268567 0.385777
-1 0.238242 0.497353 0.264405
1 0.4328 0.321612 0.245588
0 0.290022 0.143932 0.566046
0 0.251509 0.22772 0.520771
0 0.270441 0.292289 0.437271
0 0.165573 0.0919548 0.742472
0 0.195579 0.174083 0.630338
0 0.138815 0.0769082 0.784277
1 0.428316 0.1929 0.378784
1 0.420666 0.166408 0.412926
0 0.186507 0.26706 0.546433
0 0.219253 0.147085 0.633662
0 0.177757 0.155468 0.666775
0 0.137101 0.0738106 0.789089
0 0.284279 0.31477 0.400952
1 0.41344 0.400258 0.186302
1 0.352366 0.345356 0.302278
-1 0.272903 0.376106 0.350991
1 0.432856 0.412638 0.154506
1 0.360168 0.290505 0.349327
1 0.41973 0.343496 0.236774
0 0.297648 0.212969 0.489383
1 0.398129 0.290065 0.311806
-1 0.286388 0.497729 0.215883
-1 0.257097 0.481611 0.261292
-1 0.247891 0.48352 0.268588
-1 0.271699 0.47666 0.251641
1 0.470039 0.319836 0.210124
1 0.48023 0.302974 0.216795
1 0.44982 0.317401 0.232779
1 0.493258 0.298956 0.207785
-1 0.267787 0.44712 0.285093
1 0.438278 0.337086 0.224635
-1 0.309139 0.458862 0.231999
-1 0.326135 0.358376 0.315489
-1 0.357297 0.441385 0.201318
0 0.254479 0.33652 0.409001
-1 0.368245 0.426918 0.204837
1 0.430317 0.290135 0.279548
1 0.544018 0.283198 0.172783
1 0.412368 0.392362 0.19527
1 0.533989 0.30797 0.158041
1 0.49345 0.343234 0.163316
1 0.39541 0.355914 0.248675
0 0.385405 0.175135 0.43946
1 0.427161 0.410832 0.162007
0 0.328127 0.298692 0.373181
-1 0.408665 0.427083 0.164252
1 0.512136 0.348198 0.139666
-1 0.429752 0.465551 0.104697
1 0.47771 0.379316 0.142974
1 0.483062 0.369999 0.14694
1 0.45415 0.389821 0.156029
1 0.447969 0.329889 0.222143
1 0.556694 0.320431 0.122876
1 0.535469 0.303154 0.161378
0 0.219329 0.0686688 0.712002
0 0.179037 0.276194 0.544769
1 0.444325 0.19243 0.363246
1 0.443353 0.221548 0.335099
1 0.473063 0.116562 0.410375
1 0.483282 0.120936 0.395783
0 0.256022 0.147262 0.596716
0 0.250269 0.183725 0.566005
0 0.195382 0.117717 0.686902
0 0.217955 0.199442 0.582603
0 0.160467 0.133366 0.706168
0 0.264945 0.318375 0.41668
0 0.234109 0.179119 0.586771
0 0.143776 0.100662 0.755562
0 0.21321 0.054626 0.732164
1 0.3473 0.3419 0.3108
1 0.358685 0.328881 0.312433
1 0.413532 0.353765 0.232703
-1 0.388697 0.392765 0.218538
-1 0.139505 0.613918 0.246578
-1 0.202877 0.480871 0.316252
1 0.560726 0.297615 0.141659
1 0.448798 0.354722 0.19648
0 0.180495 0.121669 0.697836
1 0.434086 0.305272 0.260642
0 0.307902 0.227472 0.464626
