labels 1 0 -1
-1 0.177742 0.166723 0.655535
1 0.403019 0.27712 0.319861
0 0.112092 0.612733 0.275175
-1 0.28055 0.203568 0.515882
0 0.217809 0.490391 0.291799
1 0.389472 0.240358 0.370169
1 0.49985 0.211727 0.288423
0 0.136698 0.734843 0.128459
-1 0.258014 0.162624 0.579362
-1 0.233818 0.21924 0.546941
-1 0.0989157 0.150208 0.750877
-1 0.188839 0.381338 0.429822
-1 0.20338 0.34708 0.44954
-1 0.273309 0.0897173 0.636974
0 0.060335 0.55811 0.381555
-1 0.240217 0.201404 0.558379
0 0.226789 0.427183 0.346028
0 0.274353 0.46861 0.257036
1 0.484315 0.352069 0.163616
0 0.298654 0.483353 0.217994
0 0.370521 0.457604 0.171875
0 0.30653 0.505475 0.187995
1 0.422959 0.212958 0.364083
1 0.524023 0.293394 0.182583
0 0.384671 0.46193 0.153399
0 0.429488 0.475092 0.0954197
0 0.370556 0.508139 0.121306
1 0.7825 0.0767637 0.140737
-1 0.239379 0.30974 0.450881
0 0.356913 0.441856 0.201231
1 0.448343 0.279135 0.272522
0 0.237987 0.42098 0.341032
-1 0.31385 0.219625 0.466526
1 0.657099 0.0828846 0.260016
1 0.375335 0.350918 0.273748
-1 0.386501 0.196013 0.417486
-1 0.210007 0.0428334 0.747159
-1 0.215315 0.0942683 0.690417
1 0.398805 0.228617 0.372577
-1 0.179305 0.324518 0.496178
1 0.354643 0.306119 0.339238
-1 0.350954 0.249142 0.399904
-1 0.197131 0.319681 0.483188
1 0.471562 0.210103 0.318335
1 0.360601 0.334254 0.305146
0 0.378983 0.443006 0.178011
-1 0.263782 0.285669 0.450549
-1 0.188462 0.068899 0.742639
-1 0.247609 0.225255 0.527135
0 0.371932 0.388159 0.239908
-1 0.455152 0.0766693 0.468179
1 0.396493 0.23763 0.365877
-1 0.186513 0.242701 0.570787
1 0.442966 0.127353 0.429681
0 0.0680759 0.53865 0.393275
1 0.650356 0.155047 0.194597
-1 0.157289 0.148147 0.694564
-1 0.250741 0.143195 0.606064
1 0.609707 0.227777 0.162517
-1 0.23741 0.311008 0.451582
1 0.509621 0.270687 0.219692
1 0.714097 0.120869 0.165035
1 0.542666 0.285666 0.171668
1 0.612102 0.267866 0.120032
1 0.598964 0.197201 0.203835
1 0.580775 0.207985 0.21124
1 0.446613 0.247466 0.30592
1 0.37711 0.332602 0.290287
-1 0.409135 0.0829648 0.5079
0 0.16677 0.485956 0.347273
1 0.679421 0.103088 0.217491
-1 0.362276 0.258209 0.379515
-1 0.290057 0.116805 0.593138
1 0.526093 0.202188 0.27172
-1 0.189189 0.195479 0.615332
1 0.536584 0.163843 0.299573
1 0.377507 0.372293 0.2502
0 0.111738 0.607916 0.280346
1 0.756459 0.0501944 0.193346
0 0.145632 0.661471 0.192897
0 0.168051 0.59634 0.235609
0 0.167088 0.638111 0.194801
1 0.476368 0.260806 0.262825
1 0.46867 0.229713 0.301616
1 0.47584 0.217874 0.306287
1 0.422462 0.258047 0.319491
-1 0.220331 0.244075 0.535595
1 0.838537 0.0423947 0.119068
-1 0.260717 0.236132 0.503152
1 0.522909 0.228877 0.248215
1 0.622698 0.265916 0.111386
-1 0.189185 0.278919 0.531896
1 0.749946 0.113862 0.136192
0 0.130424 0.638489 0.231087
1 0.544384 0.165498 0.290118
0 0.214141 0.518684 0.267175
0 0.359287 0.422982 0.217731
1 0.553746 0.127342 0.318912
-1 0.0913152 0.296988 0.611697
0 0.267605 0.560962 0.171433
0 0.107678 0.792672 0.0996499
1 0.591811 0.22591 0.18228
0 0.341345 0.392569 0.266086
1 0.781605 0.115811 0.102584
-1 0.188489 0.398726 0.412785
-1 0.374149 0.197403 0.428448
0 0.349617 0.367168 0.283215
0 0.145169 0.648437 0.206393
-1 0.307685 0.171258 0.521057
-1 0.185126 0.231835 0.58304
1 0.39048 0.240959 0.368561
-1 0.393799 0.172981 0.43322
0 0.0434714 0.578515 0.378014
-1 0.19182 0.209413 0.598767
-1 0.186387 0.115397 0.698217
0 0.289785 0.460515 0.2497
1 0.626928 0.300377 0.0726954
0 0.313343 0.367055 0.319602
1 0.437298 0.294379 0.268323
-1 0.201319 0.141644 0.657037
1 0.603945 0.151524 0.244531
0 0.298137 0.601819 0.100044
0 0.211928 0.494235 0.293837
0 0.0357308 0.921798 0.0424715
-1 0.335141 0.218853 0.446006
0 0.191389 0.5724 0.236211
0 0.191506 0.518309 0.290185
1 0.427062 0.202624 0.370314
0 0.257524 0.508264 0.234213
1 0.486672 0.265088 0.24824
-1 0.109128 0.429275 0.461597
0 0.282493 0.389484 0.328023
-1 0.256018 0.0986995 0.645282
0 0.302039 0.457713 0.240249
1 0.794556 0.0773264 0.128117
0 0.352785 0.555444 0.0917711
1 0.784963 0.0601069 0.15493
0 0.248134 0.631367 0.1205
1 0.425302 0.334294 0.240404
-1 0.292064 0.282732 0.425204
1 0.408289 0.243576 0.348135
0 0.196247 0.691909 0.111844
-1 0.202315 0.293501 0.504184
0 0.0362063 0.84878 0.115013
0 0.0696389 0.565296 0.365065
0 0.173338 0.498616 0.328046
-1 0.118613 0.263822 0.617566
-1 0.258838 0.170775 0.570387
-1 0.0753322 0.238546 0.686121
-1 0.286608 0.187537 0.525855
-1 0.169704 0.383191 0.447105
0 0.24766 0.415745 0.336594
0 0.178129 0.465486 0.356385
-1 0.386653 0.144725 0.468623
0 0.0666939 0.798356 0.13495
-1 0.307128 0.168966 0.523906
0 0.34244 0.463144 0.194416
0 0.256707 0.3797 0.363593
1 0.435656 0.181241 0.383103
0 0.135773 0.527138 0.337089
1 0.540171 0.150709 0.30912
0 0.208143 0.561387 0.23047
1 0.54766 0.132866 0.319474
1 0.769327 0.0629396 0.167733
0 0.278673 0.372773 0.348554
1 0.700112 0.0947771 0.205111
0 0.133055 0.776729 0.0902166
1 0.563967 0.232448 0.203584
0 0.0972266 0.609689 0.293084
1 0.651479 0.168877 0.179644
0 0.0818339 0.627223 0.290943
1 0.394999 0.281748 0.323253
-1 0.221131 0.208178 0.570691
0 0.122889 0.533433 0.343679
-1 0.258308 0.300741 0.440951
0 0.0225734 0.614487 0.362939
-1 0.325523 0.104788 0.569689
0 0.259648 0.391258 0.349094
-1 0.336201 0.312681 0.351118
-1 0.251539 0.285002 0.463459
-1 0.295965 0.167844 0.53619
-1 0.179379 0.347589 0.473032
-1 0.202445 0.101654 0.695901
0 0.254178 0.58289 0.162933
0 0.271455 0.532172 0.196372
-1 0.355576 0.178658 0.465766
1 0.80783 0.0420508 0.150119
0 0.245895 0.528756 0.225348
1 0.566044 0.114532 0.319424
0 0.206229 0.585189 0.208582
1 0.532225 0.143474 0.3243
0 0.149637 0.615885 0.234478
0 0.132923 0.698941 0.168137
0 0.117673 0.51096 0.371368
0 0.116869 0.517132 0.365999
0 0.318552 0.462586 0.218862
0 0.185219 0.560357 0.254424
1 0.588087 0.232165 0.179748
1 0.552654 0.195139 0.252207
-1 0.240131 0.261309 0.49856
1 0.605072 0.148378 0.24655
-1 0.0989339 0.21845 0.682616
1 0.479628 0.343012 0.17736
-1 0.185861 0.250707 0.563432
0 0.0763091 0.903097 0.0205939
-1 0.172161 0.250533 0.577306
0 0.0451974 0.857819 0.096984
1 0.399166 0.247893 0.352941
0 0.317512 0.529837 0.152652
1 0.546014 0.163092 0.290895
0 0.182752 0.7262 0.0910481
0 0.358828 0.36501 0.276162
0 0.264591 0.606776 0.128633
-1 0.326751 0.195357 0.477892
0 0.202128 0.683593 0.114279
-1 0.40964 0.0943091 0.496051
1 0.403602 0.332985 0.263413
1 0.573794 0.188208 0.237998
-1 0.412469 0.151682 0.435848
1 0.434315 0.256739 0.308946
1 0.644733 0.0951394 0.260128
-1 0.371149 0.202406 0.426445
1 0.455651 0.200904 0.343445
1 0.511437 0.300385 0.188178
1 0.582822 0.168012 0.249166
0 0.147489 0.451744 0.400767
-1 0.168753 0.270534 0.560713
0 0.217789 0.517961 0.26425
0 0.190759 0.635582 0.173659
0 0.342371 0.394144 0.263485
0 0.132238 0.663994 0.203768
0 0.36801 0.415612 0.216378
0 0.179637 0.594614 0.225749
-1 0.337248 0.309396 0.353356
0 0.212789 0.486159 0.301052
-1 0.190107 0.187297 0.622596
0 0.192366 0.556828 0.250805
-1 0.128743 0.275791 0.595466
1 0.433048 0.168854 0.398098
-1 0.196065 0.309284 0.494651
1 0.481091 0.405837 0.113072
1 0.476842 0.309923 0.213235
1 0.397499 0.213681 0.38882
-1 0.127057 0.215174 0.657769
1 0.398343 0.244557 0.3571
1 0.635751 0.088852 0.275397
0 0.0777567 0.633475 0.288769
1 0.403142 0.350613 0.246245
-1 0.408838 0.111885 0.479277
0 0.193365 0.671747 0.134888
