labels 0 -1 1
-1 0.352899 0.433147 0.213953
1 0.312338 0.295032 0.392629
-1 0.160353 0.69241 0.147237
0 0.51827 0.21002 0.271711
0 0.573757 0.206454 0.219789
0 0.422944 0.383684 0.193373
1 0.0804938 0.458044 0.461462
-1 0.272142 0.487673 0.240184
-1 0.296289 0.447494 0.256217
-1 0.279693 0.43745 0.282858
-1 0.181545 0.681999 0.136456
0 0.485324 0.324818 0.189858
-1 0.104134 0.751467 0.144399
1 0.348969 0.247254 0.403776
0 0.608987 0.345891 0.0451222
0 0.499605 0.303224 0.197171
-1 0.189145 0.61547 0.195386
-1 0.207395 0.582827 0.209778
1 0.227373 0.279706 0.492921
1 0.329477 0.251688 0.418836
1 0.362995 0.172641 0.464364
1 0.432583 0.131269 0.436148
1 0.380165 0.172054 0.447782
1 0.113731 0.262909 0.62336
1 0.232424 0.262585 0.504991
0 0.771763 0.0234516 0.204786
0 0.54248 0.0467474 0.410772
1 0.236787 0.134834 0.628379
1 0.281571 0.157138 0.561292
-1 0.188917 0.448431 0.362652
0 0.411957 0.268077 0.319967
0 0.527259 0.127953 0.344787
1 0.380246 0.221807 0.397947
1 0.150497 0.305317 0.544186
0 0.388457 0.275402 0.336141
1 0.203355 0.307197 0.489448
-1 0.136227 0.483501 0.380273
-1 0.170044 0.645475 0.184481
1 0.257504 0.284753 0.457743
0 0.525884 0.241543 0.232572
0 0.659195 0.146795 0.19401
-1 0.226484 0.399153 0.374363
1 0.420077 0.130765 0.449158
1 0.294879 0.22601 0.479111
-1 0.284265 0.42064 0.295095
1 0.297372 0.213754 0.488874
0 0.58758 0.293656 0.118764
-1 0.246901 0.450333 0.302766
-1 0.164097 0.562184 0.273718
-1 0.237843 0.496502 0.265655
1 0.147516 0.411962 0.440521
1 0.154137 0.403232 0.442631
0 0.439678 0.293484 0.266837
0 0.480249 0.193746 0.326006
0 0.534568 0.36658 0.0988522
1 0.296039 0.289214 0.414746
0 0.424318 0.291805 0.283877
-1 0.090253 0.650561 0.259186
1 0.188747 0.34377 0.467483
1 0.17356 0.383335 0.443106
-1 0.254419 0.401754 0.343827
1 0.069255 0.224722 0.706023
1 0.263737 0.252018 0.484246
1 0.379471 0.182571 0.437959
1 0.114042 0.189429 0.696529
1 0.22223 0.190572 0.587199
1 0.192725 0.36673 0.440546
0 0.493892 0.308881 0.197227
-1 0.077003 0.463848 0.459149
-1 0.335472 0.462071 0.202457
-1 0.164219 0.462224 0.373557
-1 0.268816 0.418308 0.312875
-1 0.125291 0.572258 0.302451
1 0.246301 0.334715 0.418984
-1 0.354268 0.452016 0.193716
-1 0.288166 0.417346 0.294487
1 0.32337 0.236895 0.439735
-1 0.436147 0.438728 0.125126
1 0.172479 0.26129 0.566231
-1 0.31589 0.381247 0.302862
-1 0.289604 0.502603 0.207793
0 0.717779 0.15298 0.129242
1 0.325404 0.31261 0.361986
1 0.0837339 0.320811 0.595455
1 0.17092 0.342924 0.486156
-1 0.228634 0.450804 0.320561
0 0.494119 0.345094 0.160787
1 0.233053 0.332679 0.434268
-1 0.208301 0.561425 0.230274
1 0.140093 0.41862 0.441286
1 0.217015 0.175673 0.607313
-1 0.213953 0.47365 0.312397
1 0.145653 0.280594 0.573753
0 0.453369 0.388665 0.157966
1 0.129473 0.232803 0.637724
0 0.34093 0.325608 0.333461
0 0.750779 0.123197 0.126023
1 0.177639 0.352363 0.469998
0 0.444338 0.380702 0.17496
0 0.449373 0.288393 0.262234
0 0.736083 0.13355 0.130366
1 0.0953566 0.309845 0.594798
-1 0.270864 0.411702 0.317434
1 0.11086 0.257551 0.631589
0 0.483352 0.437699 0.0789489
1 0.161273 0.355438 0.483289
0 0.377257 0.264116 0.358627
-1 0.275156 0.538371 0.186473
-1 0.238673 0.421973 0.339354
-1 0.19739 0.429387 0.373223
-1 0.320196 0.527402 0.152402
-1 0.320442 0.366261 0.313297
0 0.480845 0.467045 0.0521102
-1 0.289637 0.516817 0.193546
-1 0.14539 0.445413 0.409196
1 0.266383 0.130108 0.603509
1 0.174916 0.173903 0.651181
0 0.632834 0.159813 0.207353
1 0.221794 0.270739 0.507467
-1 0.395229 0.445677 0.159094
-1 0.18055 0.483335 0.336115
0 0.574315 0.217048 0.208638
1 0.187954 0.319825 0.492222
0 0.799361 0.0716464 0.128992
-1 0.195714 0.560274 0.244012
-1 0.173373 0.692171 0.134457
-1 0.208444 0.445666 0.34589
-1 0.167468 0.419559 0.412972
1 0.330808 0.245837 0.423354
-1 0.14798 0.431173 0.420847
-1 0.41105 0.460609 0.128342
-1 0.319726 0.450187 0.230087
-1 0.277474 0.465891 0.256635
-1 0.395267 0.439636 0.165097
1 0.0907248 0.401435 0.50784
0 0.505992 0.148431 0.345577
1 0.0756136 0.254835 0.669551
0 0.558266 0.234576 0.207158
1 0.20847 0.239683 0.551848
0 0.398643 0.261959 0.339399
-1 0.204984 0.419663 0.375353
0 0.743636 0.0869027 0.169461
0 0.42615 0.313175 0.260675
0 0.871023 0.086718 0.0422591
0 0.555598 0.280399 0.164003
-1 0.283205 0.406369 0.310426
-1 0.150785 0.68662 0.162595
-1 0.122169 0.608902 0.268929
-1 0.328624 0.440264 0.231112
0 0.593534 0.207525 0.198941
-1 0.0964235 0.701895 0.201682
1 0.339619 0.285724 0.374658
0 0.592805 0.111083 0.296113
1 0.120581 0.381383 0.498036
0 0.608428 0.0969296 0.294643
1 0.361608 0.235139 0.403253
1 0.434126 0.0837083 0.482166
-1 0.263216 0.483761 0.253023
1 0.231859 0.14831 0.619832
-1 0.181959 0.663423 0.154618
1 0.201927 0.080349 0.717724
-1 0.206899 0.572754 0.220347
0 0.484107 0.207735 0.308158
1 0.0836126 0.315719 0.600669
0 0.463762 0.270627 0.265611
1 0.174012 0.20355 0.622438
0 0.686032 0.105125 0.208843
1 0.376219 0.17099 0.452791
0 0.667551 0.247937 0.0845122
1 0.0818421 0.222494 0.695664
0 0.692643 0.18586 0.121497
0 0.651446 0.125886 0.222668
-1 0.328544 0.436506 0.23495
0 0.767742 0.147579 0.0846786
-1 0.330314 0.350241 0.319445
0 0.570635 0.306373 0.122992
1 0.0937799 0.36276 0.54346
-1 0.226727 0.507149 0.266124
1 0.224186 0.347645 0.428169
0 0.455133 0.188541 0.356326
1 0.265363 0.261948 0.472688
0 0.497349 0.206907 0.295744
-1 0.171453 0.485504 0.343043
0 0.466746 0.110586 0.422668
1 0.268359 0.27112 0.460521
0 0.524006 0.0813393 0.394655
1 0.171587 0.343257 0.485156
1 0.331868 0.277035 0.391097
1 0.201053 0.176468 0.622479
0 0.657523 0.177645 0.164832
1 0.233806 0.297773 0.468421
-1 0.340744 0.50218 0.157076
0 0.365657 0.344263 0.29008
0 0.456378 0.284207 0.259415
-1 0.396187 0.420586 0.183227
0 0.459004 0.22964 0.311356
0 0.415666 0.245904 0.33843
1 0.237466 0.212172 0.550362
1 0.261893 0.228883 0.509223
-1 0.265898 0.373867 0.360235
1 0.281811 0.294068 0.424122
0 0.606023 0.329312 0.0646654
1 0.38586 0.157527 0.456613
0 0.40933 0.395597 0.195073
0 0.52175 0.122014 0.356236
0 0.610202 0.265709 0.124089
0 0.653295 0.138414 0.208291
-1 0.055038 0.583198 0.361764
-1 0.158486 0.491493 0.350021
-1 0.196115 0.445641 0.358244
0 0.712558 0.170425 0.117017
0 0.383575 0.295418 0.321007
0 0.415047 0.224072 0.360881
-1 0.124204 0.544906 0.33089
1 0.298825 0.340627 0.360548
-1 0.0647359 0.649711 0.285553
1 0.309422 0.314618 0.375959
-1 0.0318334 0.546453 0.421713
1 0.282363 0.259733 0.457904
-1 0.260105 0.395762 0.344133
-1 0.176117 0.520674 0.303208
-1 0.11553 0.444339 0.440131
1 0.306521 0.34335 0.35013
0 0.343877 0.335192 0.32093
1 0.275518 0.237314 0.487168
-1 0.28777 0.533563 0.178667
0 0.523187 0.38962 0.0871932
-1 0.260562 0.478356 0.261082
1 0.354589 0.206089 0.439322
0 0.378646 0.250653 0.370702
-1 0.276384 0.431007 0.292609
1 0.257708 0.244443 0.497849
1 0.391131 0.160064 0.448806
1 0.245107 0.293531 0.461361
1 0.340131 0.256861 0.403008
1 0.288115 0.347889 0.363996
0 0.471225 0.173921 0.354854
0 0.534 0.184574 0.281425
1 0.375146 0.112651 0.512203
-1 0.23919 0.396243 0.364568
1 0.266139 0.333945 0.399916
1 0.297432 0.292306 0.410263
1 0.213114 0.187485 0.599401
0 0.482817 0.414294 0.102889
-1 0.297465 0.413749 0.288786
1 0.190515 0.404434 0.405051
0 0.565987 0.26658 0.167433
1 0.357274 0.17235 0.470376
0 0.508166 0.176248 0.315586
0 0.571122 0.310923 0.117954
