labels 0 -1 1
-1 0.340426 0.422804 0.23677
0 0.40241 0.291058 0.306532
-1 0.212085 0.561357 0.226558
-1 0.260363 0.408997 0.33064
1 0.381179 0.221206 0.397616
-1 0.23767 0.428457 0.333873
-1 0.183171 0.460316 0.356512
0 0.47467 0.20419 0.32114
-1 0.16202 0.575988 0.261993
-1 0.165104 0.576747 0.258149
-1 0.254832 0.608593 0.136575
0 0.647107 0.220535 0.132357
-1 0.213268 0.579338 0.207395
-1 0.142057 0.487515 0.370428
0 0.642218 0.184994 0.172787
-1 0.347713 0.438997 0.21329
-1 0.340374 0.420825 0.238802
-1 0.310181 0.392828 0.296991
1 0.195753 0.298385 0.505862
-1 0.291336 0.356775 0.351889
-1 0.280663 0.36049 0.358847
0 0.431661 0.216561 0.351778
1 0.176306 0.287422 0.536273
1 0.0909561 0.303221 0.605822
-1 0.220847 0.453183 0.325969
1 0.332697 0.235444 0.431859
1 0.291013 0.116237 0.592751
0 0.602339 0.184257 0.213404
1 0.316524 0.259563 0.423913
0 0.493968 0.246463 0.259569
1 0.252499 0.360686 0.386814
0 0.513137 0.168895 0.317968
0 0.606155 0.117605 0.27624
1 0.185128 0.313486 0.501386
0 0.38015 0.244752 0.375098
0 0.648875 0.16142 0.189705
-1 0.21117 0.488007 0.300823
-1 0.247826 0.490277 0.261897
1 0.213487 0.257201 0.529312
-1 0.34612 0.43549 0.218391
0 0.556084 0.284367 0.159549
1 0.28261 0.235454 0.481936
1 0.318352 0.274206 0.407442
1 0.211728 0.350994 0.437279
1 0.189551 0.326822 0.483627
1 0.269417 0.285084 0.445498
0 0.684207 0.221153 0.0946401
-1 0.237426 0.447404 0.315169
1 0.211419 0.342518 0.446063
0 0.393852 0.367027 0.239121
-1 0.222338 0.480846 0.296815
1 0.175752 0.280826 0.543422
-1 0.248821 0.464748 0.286431
1 0.183929 0.407239 0.408832
-1 0.231047 0.618184 0.15077
1 0.189492 0.324279 0.486229
1 0.372704 0.253866 0.37343
-1 0.182555 0.667474 0.149971
1 0.147807 0.311729 0.540465
1 0.139663 0.309607 0.550731
-1 0.20884 0.400569 0.390591
1 0.195821 0.355263 0.448916
1 0.158229 0.299682 0.542089
1 0.144121 0.329465 0.526414
1 0.149734 0.365163 0.485103
1 0.159662 0.412618 0.427719
1 0.198016 0.398482 0.403502
-1 0.264428 0.538003 0.197569
-1 0.177403 0.450643 0.371955
1 0.219389 0.368309 0.412302
-1 0.161365 0.442864 0.395772
-1 0.218694 0.44616 0.335147
-1 0.335497 0.488905 0.175597
1 0.188714 0.391488 0.419798
1 0.184312 0.39488 0.420808
-1 0.138369 0.504923 0.356708
1 0.24267 0.312982 0.444348
-1 0.231876 0.571649 0.196475
1 0.176793 0.343158 0.480049
0 0.680103 0.155102 0.164796
-1 0.189137 0.595204 0.215659
-1 0.308387 0.454545 0.237068
1 0.315763 0.291617 0.39262
1 0.201675 0.361171 0.437154
-1 0.206033 0.399471 0.394496
1 0.172741 0.367959 0.459299
-1 0.185353 0.685537 0.12911
1 0.162792 0.321864 0.515344
1 0.158241 0.352716 0.489043
-1 0.162376 0.439427 0.398197
1 0.154841 0.352868 0.492291
-1 0.25184 0.445798 0.302362
1 0.16453 0.287847 0.547623
-1 0.173985 0.453387 0.372628
1 0.295932 0.203366 0.500702
1 0.203029 0.36297 0.434001
-1 0.280915 0.45597 0.263116
-1 0.147519 0.474711 0.37777
0 0.503579 0.249796 0.246625
-1 0.25696 0.47006 0.27298
-1 0.270007 0.436361 0.293632
1 0.233927 0.297946 0.468127
0 0.466555 0.345094 0.188351
1 0.193019 0.31365 0.49333
-1 0.141215 0.515168 0.343617
-1 0.242228 0.428044 0.329728
1 0.266527 0.254223 0.47925
-1 0.337076 0.501591 0.161333
1 0.152616 0.396375 0.451009
-1 0.234788 0.45308 0.312132
-1 0.222775 0.49637 0.280856
1 0.278751 0.344767 0.376482
-1 0.425718 0.511943 0.0623389
-1 0.225336 0.584467 0.190196
-1 0.242378 0.438056 0.319565
1 0.276301 0.237172 0.486527
1 0.206504 0.252805 0.540691
-1 0.264565 0.392057 0.343378
-1 0.221708 0.420642 0.35765
-1 0.231282 0.414305 0.354413
1 0.173291 0.369225 0.457484
1 0.319018 0.332182 0.3488
1 0.265506 0.343807 0.390687
0 0.65059 0.196631 0.152779
-1 0.305544 0.475681 0.218775
-1 0.238211 0.531895 0.229894
-1 0.308008 0.424013 0.267979
-1 0.182834 0.413051 0.404114
1 0.38366 0.219956 0.396384
-1 0.185651 0.444737 0.369612
-1 0.26984 0.601994 0.128166
-1 0.22687 0.517035 0.256096
-1 0.223164 0.467673 0.309163
1 0.202091 0.326379 0.471531
1 0.13107 0.262439 0.606491
1 0.183422 0.342257 0.474321
1 0.157127 0.304402 0.538471
-1 0.250674 0.451327 0.297998
-1 0.255665 0.419641 0.324693
1 0.167341 0.386806 0.445852
1 0.186001 0.377185 0.436814
-1 0.356824 0.469805 0.173372
-1 0.335209 0.488236 0.176555
0 0.506293 0.302773 0.190934
-1 0.313243 0.470286 0.21647
-1 0.306204 0.481784 0.212012
-1 0.355682 0.509668 0.13465
-1 0.179843 0.532229 0.287928
0 0.455045 0.362503 0.182452
0 0.502325 0.194164 0.303511
-1 0.215199 0.549745 0.235056
-1 0.267429 0.435522 0.29705
0 0.459728 0.224245 0.316026
-1 0.17305 0.459493 0.367458
1 0.361583 0.233898 0.404519
1 0.229308 0.356587 0.414105
1 0.322536 0.148638 0.528826
0 0.413886 0.357805 0.228309
1 0.223838 0.189842 0.58632
-1 0.335215 0.369767 0.295017
1 0.197829 0.180527 0.621645
1 0.298995 0.350454 0.35055
0 0.424166 0.363315 0.212519
1 0.222881 0.234325 0.542794
1 0.266947 0.299832 0.433221
1 0.201054 0.329283 0.469663
1 0.257643 0.258717 0.48364
1 0.295137 0.248186 0.456677
-1 0.348726 0.486427 0.164847
1 0.246416 0.321049 0.432535
0 0.448004 0.185107 0.366889
-1 0.287803 0.471804 0.240393
-1 0.245934 0.434571 0.319495
0 0.631631 0.195301 0.173069
-1 0.223543 0.526008 0.250449
0 0.655382 0.216165 0.128454
1 0.214792 0.375667 0.409541
1 0.247158 0.278025 0.474816
-1 0.265546 0.426764 0.307691
0 0.358821 0.297444 0.343735
1 0.283185 0.348306 0.368509
0 0.47364 0.163208 0.363153
-1 0.196809 0.510722 0.292468
0 0.439688 0.170289 0.390023
1 0.291731 0.230088 0.478181
0 0.605501 0.200444 0.194056
1 0.223185 0.230897 0.545917
1 0.271573 0.259001 0.469427
1 0.229448 0.283625 0.486927
0 0.458592 0.208447 0.332961
1 0.252671 0.292962 0.454367
-1 0.238207 0.565861 0.195932
-1 0.265558 0.495 0.239442
-1 0.313981 0.423293 0.262726
-1 0.301626 0.415222 0.283152
1 0.21169 0.291349 0.496962
1 0.221458 0.302018 0.476524
1 0.239662 0.341923 0.418415
1 0.199884 0.357653 0.442462
-1 0.396983 0.437706 0.165311
1 0.198099 0.376776 0.425124
-1 0.25954 0.46722 0.273241
1 0.259682 0.365527 0.374791
0 0.413465 0.348854 0.237682
0 0.77537 0.114151 0.110478
-1 0.281073 0.415439 0.303488
1 0.204325 0.345188 0.450487
1 0.17826 0.37535 0.44639
-1 0.228299 0.510452 0.261249
-1 0.187445 0.447265 0.36529
-1 0.192597 0.452464 0.354939
-1 0.25106 0.478127 0.270812
0 0.347607 0.337449 0.314944
-1 0.130939 0.516213 0.352848
0 0.362947 0.342635 0.294418
-1 0.0993436 0.59151 0.309146
0 0.344077 0.326384 0.329538
-1 0.104518 0.4876 0.407882
1 0.223605 0.283841 0.492554
1 0.131635 0.417795 0.450571
-1 0.108311 0.535561 0.356128
-1 0.192875 0.425258 0.381867
1 0.217192 0.260665 0.522142
1 0.142846 0.334429 0.522725
0 0.627122 0.0861117 0.286766
-1 0.381576 0.51446 0.103964
-1 0.321779 0.381543 0.296679
1 0.248294 0.358949 0.392757
0 0.426887 0.199738 0.373375
1 0.382481 0.217198 0.400321
0 0.407662 0.3161 0.276239
1 0.269214 0.347413 0.383374
0 0.395806 0.2311 0.373095
-1 0.238046 0.38101 0.380944
1 0.304052 0.319586 0.376362
-1 0.240066 0.490022 0.269913
1 0.295504 0.293588 0.410908
0 0.376821 0.257001 0.366178
1 0.398352 0.0845961 0.517052
1 0.273296 0.305029 0.421675
0 0.407678 0.293942 0.29838
1 0.246571 0.274526 0.478903
1 0.221375 0.291477 0.487148
-1 0.256724 0.615849 0.127427
-1 0.268217 0.558169 0.173614
1 0.202593 0.243857 0.553551
1 0.162957 0.266503 0.57054
0 0.428993 0.168643 0.402364
1 0.155964 0.327611 0.516425
1 0.287588 0.351822 0.36059
