labels 1 -1 0
0 0.321202 0.183321 0.495476
1 0.487974 0.330404 0.181622
0 0.283295 0.349575 0.367131
1 0.417623 0.316676 0.265701
0 0.203995 0.197802 0.598202
0 0.29592 0.258487 0.445593
0 0.305718 0.344608 0.349674
0 0.198191 0.131571 0.670238
0 0.326719 0.290265 0.383017
0 0.163903 0.224369 0.611728
0 0.270278 0.207834 0.521887
1 0.420416 0.247383 0.332202
-1 0.337798 0.383725 0.278476
-1 0.291432 0.564402 0.144167
0 0.133188 0.130986 0.735826
0 0.301918 0.167566 0.530517
0 0.213506 0.228386 0.558108
1 0.46522 0.250555 0.284225
1 0.420773 0.309507 0.269721
1 0.449837 0.251484 0.298678
0 0.295752 0.258691 0.445556
0 0.375114 0.167628 0.457258
1 0.617028 0.223278 0.159694
1 0.448393 0.431121 0.120485
-1 0.343934 0.498123 0.157943
1 0.39207 0.300542 0.307388
1 0.422698 0.36063 0.216672
-1 0.338934 0.341206 0.31986
-1 0.32021 0.440862 0.238929
0 0.230391 0.317012 0.452597
-1 0.340544 0.521307 0.13815
-1 0.296637 0.393685 0.309678
0 0.270398 0.360963 0.368639
-1 0.326883 0.51126 0.161856
-1 0.213834 0.494122 0.292044
0 0.219841 0.186075 0.594084
-1 0.269876 0.420649 0.309476
0 0.139203 0.42278 0.438017
-1 0.328565 0.459887 0.211547
-1 0.300049 0.360682 0.33927
1 0.416748 0.297887 0.285364
-1 0.343755 0.563906 0.0923394
-1 0.311539 0.455736 0.232724
1 0.474272 0.375083 0.150646
-1 0.318225 0.503819 0.177955
1 0.433138 0.226597 0.340264
0 0.104624 0.139991 0.755385
-1 0.266169 0.3763 0.357531
-1 0.304401 0.362592 0.333007
0 0.333938 0.253705 0.412357
1 0.496376 0.376141 0.127482
-1 0.357054 0.53519 0.107756
1 0.438294 0.339061 0.222645
1 0.378068 0.321289 0.300643
-1 0.184427 0.492526 0.323047
1 0.581606 0.233042 0.185351
0 0.187935 0.238344 0.573721
1 0.400333 0.366446 0.233221
1 0.500836 0.300703 0.19846
-1 0.334486 0.482417 0.183097
1 0.455236 0.256879 0.287885
1 0.581123 0.234732 0.184145
1 0.475425 0.340457 0.184119
1 0.444856 0.396448 0.158695
1 0.593212 0.200377 0.206411
1 0.469715 0.331606 0.198678
1 0.462681 0.28175 0.25557
0 0.284269 0.211673 0.504058
1 0.404393 0.349075 0.246531
1 0.436941 0.276064 0.286995
1 0.614839 0.209755 0.175406
1 0.424816 0.323649 0.251535
1 0.417542 0.365637 0.216822
1 0.468707 0.369821 0.161472
1 0.373758 0.308752 0.31749
1 0.429169 0.281877 0.288955
1 0.453993 0.270722 0.275285
1 0.363269 0.28649 0.350241
1 0.561616 0.30824 0.130144
0 0.356983 0.092 0.551017
0 0.29513 0.325222 0.379648
0 0.177086 0.231359 0.591555
1 0.366056 0.309338 0.324606
1 0.467077 0.337916 0.195007
1 0.487164 0.317779 0.195056
1 0.424061 0.298476 0.277464
-1 0.217795 0.513095 0.26911
1 0.582066 0.254914 0.16302
-1 0.348015 0.38433 0.267655
1 0.445446 0.364652 0.189902
1 0.528532 0.234593 0.236875
0 0.257283 0.3559 0.386817
1 0.537727 0.246398 0.215875
0 0.261761 0.217798 0.520441
1 0.529929 0.213116 0.256955
1 0.482759 0.18863 0.328611
1 0.35434 0.33316 0.3125
1 0.472193 0.293285 0.234523
0 0.310677 0.177137 0.512186
1 0.491124 0.216407 0.292469
-1 0.248217 0.514197 0.237586
1 0.638082 0.206579 0.155339
-1 0.294097 0.563427 0.142476
1 0.500156 0.349992 0.149852
-1 0.372482 0.387068 0.240449
1 0.49161 0.210023 0.298367
1 0.620848 0.224629 0.154522
0 0.285137 0.159063 0.555799
-1 0.390561 0.427584 0.181856
0 0.28105 0.177459 0.541491
0 0.345224 0.21597 0.438806
1 0.550685 0.1675 0.281815
0 0.0996657 0.1735 0.726834
-1 0.31312 0.38321 0.30367
1 0.508015 0.275881 0.216104
1 0.37174 0.328897 0.299363
1 0.503791 0.281611 0.214598
-1 0.206138 0.5058 0.288062
-1 0.397147 0.426779 0.176074
0 0.269458 0.301958 0.428584
1 0.46825 0.163779 0.367971
0 0.265952 0.204088 0.529961
0 0.276689 0.360079 0.363232
0 0.0798321 0.114907 0.805261
0 0.23331 0.173588 0.593102
0 0.254593 0.353961 0.391446
0 0.304526 0.177444 0.518031
0 0.368113 0.238769 0.393119
0 0.350165 0.232535 0.4173
1 0.424378 0.319171 0.256451
-1 0.197075 0.498607 0.304318
-1 0.319264 0.481053 0.199683
-1 0.359127 0.509533 0.13134
0 0.395563 0.170791 0.433646
1 0.477075 0.433491 0.0894338
0 0.36724 0.256413 0.376347
1 0.523914 0.201231 0.274855
-1 0.263305 0.380516 0.356179
1 0.436246 0.290477 0.273277
1 0.381652 0.301566 0.316781
1 0.42848 0.173108 0.398411
0 0.225324 0.162852 0.611824
0 0.263779 0.198494 0.537727
0 0.211815 0.161037 0.627148
0 0.242095 0.304663 0.453241
0 0.210147 0.257653 0.5322
0 0.235612 0.190288 0.5741
1 0.362832 0.296994 0.340175
0 0.268019 0.118069 0.613912
1 0.453217 0.099632 0.447151
0 0.18105 0.389158 0.429791
0 0.298204 0.307377 0.394419
0 0.254762 0.106249 0.638989
-1 0.310674 0.442877 0.246449
0 0.246728 0.135796 0.617476
0 0.276882 0.274679 0.448439
0 0.267341 0.249 0.483659
0 0.135684 0.125856 0.73846
-1 0.344569 0.357363 0.298068
0 0.109946 0.270583 0.619471
1 0.376522 0.311089 0.31239
0 0.226748 0.365318 0.407934
0 0.326336 0.325076 0.348588
1 0.495692 0.345957 0.158351
-1 0.337943 0.340533 0.321524
1 0.581685 0.198943 0.219371
0 0.29594 0.165657 0.538403
0 0.366617 0.234704 0.398679
-1 0.177542 0.478064 0.344393
1 0.503475 0.182345 0.31418
0 0.200886 0.109043 0.690071
0 0.288217 0.189747 0.522036
0 0.236603 0.222441 0.540956
0 0.113871 0.0740788 0.81205
0 0.153149 0.224928 0.621924
0 0.13007 0.16747 0.70246
1 0.541192 0.191876 0.266933
0 0.37032 0.219968 0.409713
0 0.244512 0.255274 0.500214
0 0.32459 0.145207 0.530203
0 0.211041 0.157974 0.630985
0 0.207274 0.114265 0.678461
0 0.255279 0.336609 0.408112
-1 0.270491 0.481451 0.248058
-1 0.334194 0.349345 0.316461
0 0.283713 0.227467 0.48882
1 0.456655 0.337774 0.205571
0 0.280759 0.277595 0.441646
1 0.391334 0.238155 0.370511
0 0.220709 0.122229 0.657063
0 0.323406 0.237566 0.439028
-1 0.242325 0.521674 0.236001
-1 0.299706 0.373806 0.326488
-1 0.279109 0.413782 0.307109
0 0.314792 0.302313 0.382896
1 0.461182 0.277898 0.260921
1 0.408468 0.227099 0.364433
1 0.48437 0.193182 0.322448
1 0.535574 0.175093 0.289333
0 0.337132 0.265065 0.397803
1 0.533075 0.241447 0.225478
-1 0.240655 0.411764 0.34758
0 0.377992 0.217016 0.404991
1 0.39177 0.307224 0.301007
0 0.311968 0.298568 0.389464
1 0.408761 0.293234 0.298006
-1 0.270393 0.382086 0.347521
1 0.521663 0.190301 0.288036
1 0.408882 0.190312 0.400806
1 0.499501 0.254053 0.246446
-1 0.355212 0.396491 0.248296
1 0.486114 0.187078 0.326808
0 0.393209 0.136462 0.47033
-1 0.310726 0.465644 0.22363
0 0.343503 0.208277 0.44822
1 0.433854 0.374143 0.192003
-1 0.427287 0.442484 0.130229
1 0.511643 0.363788 0.124568
-1 0.403411 0.426193 0.170397
1 0.51496 0.255376 0.229664
1 0.406237 0.3491 0.244663
1 0.393245 0.279354 0.327401
1 0.565031 0.278981 0.155988
1 0.552726 0.207877 0.239397
0 0.374582 0.0705056 0.554913
0 0.157058 0.182678 0.660264
0 0.182196 0.403828 0.413977
0 0.389851 0.212405 0.397744
0 0.389076 0.102328 0.508596
0 0.414136 0.123699 0.462165
0 0.234252 0.213117 0.552631
0 0.360624 0.27164 0.367735
0 0.264063 0.151952 0.583985
0 0.251892 0.225924 0.522184
0 0.187609 0.165151 0.64724
0 0.240695 0.254749 0.504556
0 0.237355 0.174249 0.588396
0 0.230623 0.17937 0.590008
0 0.298184 0.111378 0.590438
0 0.175333 0.375638 0.449029
0 0.25216 0.296293 0.451547
1 0.411749 0.361791 0.226459
-1 0.349575 0.376613 0.273812
0 0.16493 0.413074 0.421997
0 0.339242 0.261068 0.39969
1 0.520686 0.409034 0.0702796
0 0.290668 0.346457 0.362875
0 0.271185 0.0602684 0.668547
0 0.355027 0.266083 0.378891
0 0.144392 0.26765 0.587958
