labels 1 -1 0
0 0.343097 0.221497 0.435406
1 0.496324 0.352544 0.151132
0 0.258434 0.352893 0.388672
1 0.378821 0.288566 0.332613
0 0.186015 0.154579 0.659406
0 0.31026 0.241093 0.448647
-1 0.354763 0.400884 0.244353
0 0.143779 0.119476 0.736745
0 0.237653 0.270571 0.491775
0 0.197197 0.250369 0.552434
0 0.322263 0.250723 0.427015
1 0.478032 0.306258 0.21571
0 0.260595 0.324477 0.414928
-1 0.29855 0.480029 0.221421
0 0.160836 0.0947088 0.744455
0 0.336605 0.210696 0.452699
0 0.235462 0.262844 0.501694
1 0.429284 0.210876 0.359841
1 0.406393 0.294092 0.299514
0 0.360258 0.23487 0.404872
0 0.250754 0.287887 0.461359
0 0.276205 0.170318 0.553477
1 0.656016 0.197261 0.146722
1 0.517163 0.379051 0.103785
-1 0.244595 0.574965 0.18044
0 0.267861 0.324803 0.407337
1 0.389152 0.287656 0.323191
0 0.255093 0.297428 0.447479
-1 0.351411 0.437561 0.211028
0 0.269506 0.318354 0.41214
-1 0.3023 0.474777 0.222924
0 0.334293 0.29394 0.371767
-1 0.244817 0.398918 0.356266
1 0.42863 0.397615 0.173755
-1 0.309025 0.361327 0.329648
0 0.159819 0.216589 0.623592
-1 0.334651 0.363537 0.301812
0 0.200733 0.378202 0.421065
-1 0.264486 0.477748 0.257766
-1 0.314253 0.377335 0.308412
-1 0.346371 0.460863 0.192765
-1 0.373341 0.523283 0.103376
-1 0.33856 0.452013 0.209427
1 0.454957 0.395913 0.14913
-1 0.347065 0.476291 0.176644
1 0.404113 0.255082 0.340805
0 0.0762584 0.164398 0.759344
-1 0.298699 0.373723 0.327578
-1 0.33922 0.370486 0.290294
1 0.362216 0.281335 0.356449
1 0.471425 0.43305 0.095525
-1 0.387024 0.512083 0.100893
1 0.439957 0.32041 0.239633
-1 0.342081 0.402326 0.255593
-1 0.19844 0.451 0.35056
1 0.531665 0.2673 0.201035
0 0.225669 0.307776 0.466554
-1 0.340994 0.479198 0.179808
1 0.46976 0.335039 0.195201
1 0.437113 0.409403 0.153484
1 0.483839 0.29306 0.223101
1 0.530501 0.306378 0.163121
1 0.465259 0.353325 0.181416
1 0.4515 0.415427 0.133073
1 0.548085 0.279678 0.172237
1 0.435246 0.406211 0.158544
1 0.401121 0.34295 0.255928
0 0.343175 0.230932 0.425893
-1 0.396209 0.421347 0.182444
1 0.476354 0.275808 0.247838
1 0.57726 0.269897 0.152843
1 0.470013 0.319435 0.210552
-1 0.291182 0.546687 0.162131
1 0.461029 0.395792 0.143179
1 0.41116 0.346845 0.241994
1 0.413259 0.348554 0.238186
1 0.496476 0.266443 0.237081
-1 0.332942 0.364538 0.30252
1 0.580748 0.284732 0.13452
0 0.258531 0.0790678 0.662401
-1 0.222085 0.431512 0.346403
0 0.249102 0.228444 0.522454
-1 0.330106 0.388961 0.280934
1 0.485472 0.360234 0.154294
1 0.449418 0.382827 0.167755
-1 0.311009 0.396245 0.292746
-1 0.170026 0.597477 0.232497
1 0.616067 0.242705 0.141229
1 0.39847 0.365324 0.236206
-1 0.347992 0.497304 0.154704
1 0.565676 0.233347 0.200977
-1 0.223082 0.468074 0.308844
1 0.4892 0.286403 0.224397
0 0.372022 0.237983 0.389995
1 0.51289 0.256772 0.230338
1 0.451143 0.30877 0.240088
-1 0.353547 0.361146 0.285307
1 0.460394 0.298916 0.24069
0 0.379551 0.208528 0.411921
1 0.530734 0.27343 0.195835
-1 0.260478 0.467546 0.271976
1 0.571565 0.303378 0.125057
-1 0.246971 0.593132 0.159898
1 0.46926 0.375308 0.155433
1 0.4193 0.36735 0.21335
1 0.483117 0.247814 0.269069
1 0.622418 0.224858 0.152724
0 0.210045 0.199185 0.59077
-1 0.362662 0.450576 0.186763
1 0.367474 0.306852 0.325674
0 0.342516 0.28764 0.369844
1 0.510731 0.195094 0.294175
0 0.103085 0.203921 0.692994
-1 0.275474 0.399159 0.325367
1 0.428763 0.259826 0.311411
-1 0.346285 0.404476 0.249239
-1 0.346108 0.43057 0.223322
-1 0.170095 0.594809 0.235096
-1 0.297607 0.527292 0.175102
-1 0.246314 0.4364 0.317286
1 0.517262 0.225435 0.257302
0 0.266866 0.175283 0.557851
0 0.217319 0.362561 0.42012
0 0.114303 0.114124 0.771573
0 0.253408 0.302591 0.444002
0 0.255761 0.305065 0.439174
0 0.294589 0.177703 0.527708
0 0.335022 0.302671 0.362307
1 0.389327 0.23515 0.375523
-1 0.361789 0.393986 0.244224
-1 0.172068 0.557343 0.270589
-1 0.299703 0.500409 0.199888
-1 0.41736 0.463464 0.119176
1 0.453632 0.220004 0.326364
1 0.465108 0.401678 0.133214
1 0.424837 0.275598 0.299565
1 0.44668 0.324246 0.229074
-1 0.265285 0.438395 0.29632
-1 0.333727 0.408729 0.257544
1 0.414498 0.364823 0.220679
1 0.414796 0.266138 0.319065
0 0.27285 0.165316 0.561834
0 0.272186 0.236239 0.491575
0 0.22376 0.117438 0.658802
0 0.174687 0.347251 0.478062
0 0.169657 0.322053 0.508289
0 0.230796 0.240104 0.5291
1 0.337846 0.331369 0.330785
0 0.214964 0.110377 0.674659
1 0.449007 0.112449 0.438543
0 0.142485 0.379919 0.477596
0 0.207826 0.22713 0.565044
0 0.254335 0.10984 0.635825
-1 0.272567 0.517752 0.209682
0 0.246372 0.111393 0.642235
0 0.212384 0.300155 0.487461
0 0.292702 0.232677 0.47462
0 0.120709 0.15191 0.727381
-1 0.31321 0.38922 0.29757
0 0.14081 0.200871 0.658319
-1 0.32247 0.391524 0.286006
0 0.302478 0.331974 0.365548
-1 0.337658 0.447752 0.21459
1 0.527581 0.337877 0.134542
1 0.371595 0.313604 0.314801
1 0.474253 0.317999 0.207748
0 0.276783 0.198963 0.524254
0 0.266358 0.262525 0.471117
-1 0.217274 0.463253 0.319474
1 0.449213 0.310358 0.240429
0 0.194618 0.111394 0.693988
0 0.25882 0.20187 0.539309
0 0.268469 0.2506 0.480931
0 0.172287 0.0647996 0.762914
0 0.116008 0.269301 0.614691
0 0.0778178 0.120963 0.801219
1 0.391802 0.254416 0.353782
0 0.352274 0.169405 0.478321
0 0.148807 0.262248 0.588945
0 0.270945 0.128191 0.600864
0 0.197627 0.189255 0.613118
0 0.187916 0.0902963 0.721787
0 0.247281 0.375907 0.376812
-1 0.326407 0.431829 0.241764
-1 0.290486 0.375019 0.334494
0 0.249573 0.356315 0.394112
1 0.506283 0.354773 0.138944
0 0.336229 0.236352 0.427418
1 0.361806 0.343411 0.294784
0 0.2771 0.168426 0.554474
0 0.294623 0.317224 0.388153
-1 0.251006 0.510875 0.238119
-1 0.24755 0.421492 0.330958
-1 0.265452 0.451231 0.283316
-1 0.295395 0.407649 0.296956
1 0.516225 0.294161 0.189614
1 0.482 0.265309 0.252691
1 0.454309 0.242032 0.303659
1 0.570642 0.203514 0.225844
-1 0.293306 0.409498 0.297196
1 0.446196 0.329764 0.22404
-1 0.274843 0.434791 0.290367
0 0.323883 0.273638 0.402479
-1 0.390403 0.390504 0.219093
0 0.294164 0.321016 0.38482
1 0.407354 0.297816 0.29483
1 0.384816 0.280723 0.33446
1 0.563936 0.219832 0.216232
1 0.414085 0.286892 0.299022
1 0.480257 0.30181 0.217933
1 0.437533 0.331619 0.230848
1 0.400223 0.269188 0.330589
0 0.366203 0.154097 0.4797
-1 0.213053 0.580315 0.206632
0 0.306 0.266718 0.427283
-1 0.371448 0.44256 0.185992
1 0.49963 0.379127 0.121242
-1 0.405822 0.477335 0.116843
-1 0.396183 0.433589 0.170228
1 0.44747 0.360921 0.191609
1 0.40897 0.392854 0.198176
1 0.426407 0.301719 0.271874
1 0.533224 0.32466 0.142117
1 0.577441 0.240578 0.181981
0 0.184232 0.0659129 0.749855
0 0.132706 0.237601 0.629692
0 0.288808 0.255323 0.455869
0 0.343918 0.209213 0.446868
0 0.391357 0.0917662 0.516877
0 0.401838 0.136366 0.461796
0 0.179238 0.178675 0.642086
0 0.262843 0.229697 0.507461
0 0.218158 0.123955 0.657886
0 0.236711 0.235318 0.527971
0 0.171589 0.136775 0.691636
0 0.247514 0.298172 0.454313
0 0.258227 0.191169 0.550604
0 0.156605 0.122968 0.720427
0 0.227275 0.0764727 0.696252
0 0.180818 0.364028 0.455154
0 0.246867 0.355493 0.39764
1 0.38336 0.383109 0.233531
-1 0.365952 0.383043 0.251005
-1 0.155282 0.541168 0.30355
-1 0.348401 0.362911 0.288688
1 0.604268 0.302209 0.0935229
1 0.406213 0.318464 0.275323
0 0.167565 0.09667 0.735765
1 0.364935 0.299657 0.335409
0 0.19577 0.230634 0.573595
