labels 0 -1 1
-1 0.321566 0.474607 0.203827
1 0.304443 0.306252 0.389305
-1 0.226499 0.639888 0.133613
0 0.438004 0.320883 0.241113
0 0.438127 0.320787 0.241086
-1 0.195509 0.449979 0.354512
1 0.081711 0.399803 0.518486
0 0.597914 0.200311 0.201775
-1 0.232122 0.536005 0.231873
-1 0.176394 0.517772 0.305834
-1 0.375408 0.493644 0.130948
0 0.547468 0.284424 0.168107
-1 0.116147 0.753778 0.130075
-1 0.298106 0.371009 0.330885
0 0.670913 0.283479 0.0456084
-1 0.256423 0.492189 0.251389
-1 0.352437 0.364369 0.283194
0 0.467726 0.31039 0.221883
1 0.144466 0.292209 0.563325
0 0.417179 0.218978 0.363842
1 0.203001 0.287504 0.509495
1 0.399121 0.135622 0.465257
1 0.175517 0.238687 0.585796
1 0.0484188 0.265495 0.686087
1 0.185991 0.277446 0.536563
0 0.767359 0.0582389 0.174402
1 0.395635 0.0859012 0.518464
1 0.340942 0.218714 0.440345
1 0.353343 0.100486 0.546171
0 0.537939 0.310308 0.151753
0 0.426296 0.217704 0.356
0 0.437023 0.188534 0.374443
0 0.482658 0.201756 0.315586
1 0.142097 0.324354 0.533549
1 0.353818 0.258033 0.388149
0 0.413357 0.262272 0.324371
1 0.11717 0.433928 0.448902
-1 0.195043 0.632934 0.172023
1 0.269615 0.22918 0.501206
0 0.596245 0.28265 0.121106
0 0.825607 0.0943517 0.0800413
0 0.333333 0.333333 0.333333
1 0.325958 0.2824 0.391642
1 0.24283 0.245356 0.511814
1 0.261813 0.365268 0.37292
1 0.214183 0.188471 0.597346
0 0.597673 0.278346 0.123981
-1 0.136373 0.437764 0.425863
-1 0.217912 0.474142 0.307946
-1 0.320071 0.513489 0.16644
-1 0.256538 0.464726 0.278736
1 0.192404 0.346755 0.460841
-1 0.341196 0.368536 0.290268
1 0.326888 0.319911 0.353201
0 0.429258 0.423642 0.1471
1 0.139313 0.287252 0.573435
0 0.54107 0.290542 0.168388
-1 0.178196 0.530234 0.29157
1 0.204651 0.315923 0.479427
-1 0.303126 0.444513 0.25236
1 0.226933 0.305179 0.467888
1 0.111845 0.231717 0.656438
1 0.28218 0.34621 0.37161
1 0.267656 0.237315 0.495029
1 0.0841748 0.239558 0.676267
1 0.153615 0.278567 0.567818
1 0.155395 0.345634 0.498971
0 0.437145 0.386003 0.176852
1 0.10427 0.440826 0.454904
-1 0.243739 0.419839 0.336421
-1 0.146755 0.488298 0.364947
-1 0.260507 0.457453 0.28204
-1 0.141042 0.650116 0.208841
1 0.213533 0.319127 0.46734
-1 0.329954 0.53762 0.132426
-1 0.184946 0.472766 0.342288
1 0.234722 0.292047 0.473231
-1 0.282165 0.613234 0.104602
1 0.0917649 0.271488 0.636748
0 0.545043 0.243808 0.211149
-1 0.342594 0.512315 0.145092
0 0.525717 0.259436 0.214847
1 0.147585 0.255915 0.5965
1 0.144834 0.418279 0.436887
1 0.285405 0.310658 0.403936
-1 0.292874 0.406207 0.300919
-1 0.249021 0.598824 0.152156
1 0.0925989 0.260489 0.646912
-1 0.188787 0.620544 0.190669
1 0.157271 0.381062 0.461668
1 0.107875 0.212807 0.679319
-1 0.236874 0.545701 0.217426
1 0.120942 0.211318 0.66774
0 0.419978 0.400291 0.179731
1 0.182888 0.224296 0.592816
-1 0.303533 0.382033 0.314434
0 0.513209 0.359305 0.127485
1 0.130985 0.390778 0.478237
-1 0.30622 0.549575 0.144204
0 0.519589 0.310519 0.169892
0 0.363781 0.344237 0.291981
1 0.096607 0.268229 0.635164
-1 0.294294 0.551216 0.15449
1 0.128095 0.223416 0.64849
0 0.574578 0.35884 0.0665821
1 0.120125 0.384241 0.495634
-1 0.264466 0.402089 0.333445
-1 0.26751 0.543511 0.188979
1 0.254573 0.369045 0.376383
-1 0.173017 0.479227 0.347756
-1 0.198641 0.493827 0.307532
-1 0.184127 0.416105 0.399769
-1 0.306265 0.641019 0.0527159
-1 0.168678 0.690979 0.140342
-1 0.159645 0.548566 0.29179
1 0.231199 0.185955 0.582846
1 0.105842 0.111757 0.782401
0 0.534386 0.298223 0.167391
1 0.227745 0.305383 0.466872
-1 0.353115 0.47647 0.170415
1 0.139891 0.334177 0.525931
1 0.333307 0.314528 0.352165
1 0.224347 0.292407 0.483247
0 0.763412 0.14723 0.089358
-1 0.187198 0.494714 0.318088
-1 0.221393 0.603834 0.174773
-1 0.292511 0.394254 0.313235
-1 0.122735 0.439194 0.438071
1 0.325484 0.21989 0.454626
-1 0.151397 0.468205 0.380398
0 0.654687 0.278818 0.0664949
-1 0.389496 0.402146 0.208358
-1 0.276955 0.583321 0.139724
0 0.397629 0.350542 0.25183
1 0.157354 0.250488 0.592158
1 0.215023 0.249977 0.535
1 0.0768764 0.211801 0.711322
-1 0.363009 0.391419 0.245572
1 0.184579 0.28416 0.531261
-1 0.273222 0.364477 0.362301
1 0.282214 0.332116 0.38567
0 0.766927 0.169169 0.0639039
-1 0.418029 0.439453 0.142519
0 0.655562 0.280304 0.0641335
-1 0.2767 0.507462 0.215838
-1 0.308783 0.395873 0.295344
-1 0.346693 0.52721 0.126096
-1 0.0858745 0.655727 0.258398
0 0.53501 0.282955 0.182035
0 0.524629 0.237515 0.237856
-1 0.11074 0.655236 0.234024
1 0.333273 0.286882 0.379844
0 0.495567 0.151042 0.353391
1 0.129733 0.430435 0.439833
0 0.627494 0.0782913 0.294215
1 0.332406 0.320236 0.347358
1 0.248118 0.127572 0.62431
-1 0.272715 0.433156 0.294128
1 0.268404 0.107819 0.623777
-1 0.257931 0.557385 0.184684
1 0.11805 0.0795693 0.802381
-1 0.387015 0.407814 0.205171
0 0.477764 0.260292 0.261943
1 0.123786 0.23234 0.643874
0 0.369758 0.283346 0.346896
1 0.116853 0.20277 0.680376
0 0.499919 0.150251 0.34983
1 0.308998 0.161796 0.529206
-1 0.301821 0.561739 0.13644
1 0.0892151 0.148499 0.762286
0 0.852724 0.090288 0.056988
0 0.419998 0.343775 0.236228
-1 0.248963 0.402564 0.348474
0 0.733353 0.213596 0.053051
-1 0.167927 0.631448 0.200625
0 0.707461 0.223102 0.0694363
1 0.196962 0.367012 0.436026
1 0.189683 0.315428 0.494889
-1 0.197681 0.411652 0.390667
0 0.402726 0.206993 0.390281
1 0.24593 0.292978 0.461092
1 0.335651 0.207218 0.457131
-1 0.218235 0.494731 0.287034
0 0.467389 0.0818714 0.450739
1 0.256565 0.257218 0.486218
0 0.714167 0.0962095 0.189623
1 0.112282 0.200117 0.687601
1 0.226158 0.220968 0.552873
1 0.210543 0.213695 0.575762
0 0.42747 0.219696 0.352834
1 0.255206 0.283544 0.46125
-1 0.283407 0.564332 0.152261
0 0.447394 0.29383 0.258775
0 0.621459 0.23783 0.140711
0 0.610116 0.261636 0.128248
0 0.658726 0.185685 0.155589
0 0.583053 0.267069 0.149878
1 0.347334 0.197941 0.454725
1 0.212876 0.305458 0.481666
-1 0.216558 0.554318 0.229124
1 0.298539 0.252617 0.448843
-1 0.473974 0.475069 0.0509571
1 0.360337 0.185985 0.453678
-1 0.34846 0.555973 0.0955665
0 0.942283 0.0238313 0.033886
0 0.678672 0.281742 0.0395855
0 0.859498 0.0973983 0.043104
-1 0.275731 0.48751 0.236759
-1 0.211958 0.454835 0.333207
-1 0.287205 0.381521 0.331274
0 0.569837 0.3024 0.127763
-1 0.181556 0.451043 0.367402
1 0.340691 0.318051 0.341257
-1 0.0821151 0.551408 0.366477
1 0.286405 0.324573 0.389022
-1 0.105597 0.607645 0.286758
1 0.300668 0.296188 0.403144
1 0.0283348 0.472576 0.499089
0 0.342863 0.341834 0.315303
-1 0.191633 0.446113 0.362254
1 0.066297 0.421983 0.51172
1 0.155218 0.391571 0.45321
1 0.21241 0.359106 0.428484
1 0.109967 0.34313 0.546903
1 0.239744 0.160287 0.599969
0 0.458694 0.451829 0.0894769
-1 0.24454 0.637901 0.11756
-1 0.185745 0.503978 0.310277
0 0.618613 0.179532 0.201855
1 0.314398 0.293836 0.391766
-1 0.317887 0.386162 0.295951
1 0.214268 0.278704 0.507028
1 0.361369 0.187739 0.450892
1 0.233219 0.295522 0.471259
1 0.341665 0.20963 0.448705
-1 0.315855 0.348318 0.335827
0 0.454278 0.157752 0.38797
0 0.531109 0.225538 0.243353
1 0.311987 0.147405 0.540608
1 0.263761 0.351432 0.384808
1 0.408412 0.174932 0.416656
1 0.386941 0.172053 0.441007
1 0.195407 0.263238 0.541355
-1 0.401915 0.466154 0.131932
1 0.26762 0.34557 0.38681
-1 0.344223 0.396302 0.259475
0 0.517311 0.332858 0.149831
1 0.271832 0.118955 0.609212
1 0.210344 0.266656 0.523001
-1 0.33544 0.480652 0.183908
