labels 1 -1 0
0 0.393905 0.20959 0.396505
1 0.494667 0.306186 0.199147
1 0.36908 0.323927 0.306993
1 0.353386 0.351962 0.294652
0 0.158789 0.136464 0.704747
0 0.13259 0.31852 0.54889
-1 0.353397 0.360247 0.286356
0 0.316835 0.181017 0.502148
0 0.298296 0.253761 0.447943
0 0.132832 0.154971 0.712197
-1 0.268787 0.366664 0.36455
1 0.55576 0.210463 0.233776
-1 0.325023 0.343281 0.331696
-1 0.249317 0.542831 0.207852
0 0.0949225 0.198478 0.706599
0 0.192229 0.138318 0.669452
0 0.291045 0.23934 0.469615
-1 0.345512 0.420917 0.233571
1 0.570304 0.238589 0.191106
1 0.566356 0.205104 0.22854
0 0.286615 0.284435 0.428949
0 0.353762 0.186062 0.460175
1 0.443953 0.251168 0.304879
1 0.490636 0.388174 0.12119
-1 0.316663 0.515796 0.167542
-1 0.262818 0.41269 0.324492
-1 0.36364 0.366941 0.269419
1 0.480639 0.241402 0.277959
-1 0.25204 0.566919 0.181041
1 0.502742 0.25459 0.242668
-1 0.194618 0.614024 0.191358
-1 0.317448 0.451627 0.230925
-1 0.181126 0.441361 0.377513
-1 0.258047 0.510749 0.231205
-1 0.183953 0.559233 0.256814
0 0.358671 0.201226 0.440103
-1 0.248488 0.472482 0.27903
-1 0.126714 0.443599 0.429687
-1 0.184264 0.597983 0.217753
-1 0.372387 0.382269 0.245345
1 0.424766 0.337576 0.237657
-1 0.323439 0.562609 0.113952
-1 0.296493 0.429849 0.273658
-1 0.274557 0.474631 0.250812
-1 0.231347 0.401022 0.367631
0 0.302875 0.202777 0.494348
0 0.1047 0.119807 0.775492
0 0.151946 0.405348 0.442706
0 0.195241 0.387012 0.417747
1 0.366334 0.278257 0.355409
1 0.534362 0.349267 0.11637
-1 0.387922 0.47346 0.138617
1 0.37852 0.276278 0.345202
0 0.200969 0.188266 0.610765
-1 0.0979632 0.491154 0.410882
1 0.441825 0.296067 0.262107
0 0.215944 0.234198 0.549858
-1 0.378086 0.453736 0.168178
0 0.39603 0.180639 0.423331
-1 0.3489 0.41581 0.23529
1 0.516791 0.233215 0.249995
1 0.651835 0.184517 0.163648
1 0.468873 0.285922 0.245205
-1 0.390354 0.403782 0.205865
1 0.578955 0.144837 0.276208
1 0.419314 0.253556 0.32713
1 0.490296 0.245178 0.264525
0 0.202929 0.207343 0.589729
1 0.452624 0.299827 0.247549
1 0.456952 0.269905 0.273144
1 0.469835 0.202295 0.32787
1 0.46778 0.292893 0.239327
1 0.462073 0.33938 0.198547
1 0.443045 0.265064 0.29189
1 0.368397 0.340648 0.290955
0 0.335491 0.232154 0.432355
1 0.367812 0.292952 0.339236
0 0.264696 0.24047 0.494834
1 0.482412 0.249121 0.268467
0 0.432579 0.111516 0.455905
0 0.254414 0.222949 0.522637
0 0.133233 0.143042 0.723724
-1 0.286212 0.456031 0.257756
1 0.590893 0.238843 0.170264
1 0.512738 0.367839 0.119424
1 0.445668 0.232497 0.321835
0 0.158379 0.377795 0.463826
1 0.487465 0.338101 0.174434
0 0.324083 0.328274 0.347643
1 0.469749 0.315149 0.215102
1 0.459328 0.211442 0.32923
0 0.327504 0.277357 0.395139
1 0.542813 0.22396 0.233227
0 0.265572 0.247737 0.486691
1 0.682966 0.146624 0.170409
1 0.476794 0.107297 0.415909
0 0.296234 0.347175 0.35659
1 0.479613 0.238576 0.281811
0 0.197984 0.108357 0.693659
1 0.540632 0.149107 0.310261
-1 0.265491 0.3948 0.339709
1 0.680442 0.237267 0.0822908
1 0.454295 0.420121 0.125584
1 0.587093 0.288432 0.124475
-1 0.313673 0.379745 0.306581
1 0.486402 0.119158 0.394441
1 0.475258 0.318543 0.206198
0 0.352559 0.120014 0.527427
-1 0.284095 0.538464 0.177441
0 0.336556 0.114148 0.549296
0 0.183767 0.262904 0.553329
1 0.524855 0.14775 0.327395
0 0.0870962 0.164078 0.748825
-1 0.269571 0.407949 0.32248
1 0.431735 0.246023 0.322242
1 0.349954 0.331858 0.318188
1 0.556929 0.233979 0.209092
-1 0.169844 0.535325 0.29483
1 0.425326 0.419147 0.155527
0 0.17854 0.283449 0.538011
1 0.416998 0.192313 0.39069
0 0.288374 0.176215 0.535411
0 0.328828 0.313221 0.357951
0 0.0509077 0.0877689 0.861323
0 0.183235 0.187139 0.629627
0 0.19928 0.274484 0.526236
0 0.356635 0.195682 0.447683
1 0.471403 0.165213 0.363384
1 0.482595 0.202512 0.314893
1 0.487691 0.287839 0.224469
-1 0.282644 0.459373 0.257983
-1 0.293963 0.486366 0.21967
1 0.416195 0.385137 0.198668
0 0.327702 0.241692 0.430606
-1 0.427617 0.457499 0.114883
1 0.428624 0.199441 0.371935
1 0.512391 0.200228 0.287382
0 0.203757 0.250033 0.546209
1 0.373818 0.32011 0.306073
0 0.359124 0.198687 0.44219
1 0.463879 0.171002 0.365119
0 0.222036 0.154503 0.623461
0 0.315714 0.180627 0.503658
0 0.150303 0.109736 0.739961
0 0.182919 0.211776 0.605305
0 0.259029 0.212738 0.528233
0 0.329051 0.228754 0.442195
1 0.455358 0.192178 0.352464
0 0.390907 0.119889 0.489204
0 0.333905 0.123669 0.542426
0 0.243018 0.339359 0.417623
0 0.257722 0.364636 0.377642
0 0.260771 0.127044 0.612185
1 0.392062 0.307087 0.300851
0 0.245361 0.179182 0.575457
0 0.237997 0.317405 0.444598
0 0.221846 0.18242 0.595734
0 0.167739 0.252215 0.580046
-1 0.32447 0.346494 0.329037
0 0.147467 0.264965 0.587568
0 0.274657 0.335892 0.38945
0 0.270928 0.314844 0.414228
-1 0.278976 0.396587 0.324437
1 0.467996 0.372633 0.159371
-1 0.28036 0.366621 0.353019
1 0.485896 0.220224 0.29388
0 0.134637 0.107147 0.758217
0 0.232511 0.237538 0.529951
0 0.145888 0.347693 0.506419
1 0.634467 0.142136 0.223397
0 0.207256 0.0905259 0.702218
0 0.191546 0.153213 0.65524
0 0.120354 0.1763 0.703346
0 0.109275 0.0751686 0.815556
0 0.233272 0.14673 0.619998
0 0.15824 0.172114 0.669646
1 0.478155 0.182047 0.339798
0 0.316482 0.166165 0.517353
0 0.250956 0.253837 0.495207
0 0.352778 0.142277 0.504944
0 0.188074 0.173144 0.638782
0 0.200758 0.13869 0.660552
-1 0.290145 0.378317 0.331538
-1 0.245792 0.477274 0.276935
-1 0.337617 0.34524 0.317143
0 0.320765 0.212288 0.466947
-1 0.294307 0.48207 0.223623
0 0.174415 0.258645 0.56694
0 0.349653 0.237815 0.412532
0 0.110715 0.11823 0.771055
0 0.216148 0.243175 0.540677
-1 0.199869 0.440096 0.360035
0 0.290748 0.301505 0.407746
0 0.353739 0.259068 0.387193
0 0.367038 0.265234 0.367728
1 0.477471 0.275598 0.246932
1 0.478188 0.184217 0.337594
1 0.474586 0.161003 0.364411
1 0.506122 0.129962 0.363917
0 0.390809 0.182471 0.426721
1 0.525603 0.246688 0.227709
0 0.201617 0.363453 0.434931
0 0.348976 0.182424 0.4686
1 0.404453 0.258098 0.337449
1 0.413286 0.247889 0.338824
1 0.4301 0.310192 0.259707
0 0.363067 0.202862 0.434071
1 0.653841 0.188906 0.157253
1 0.526623 0.128335 0.345043
1 0.537271 0.243113 0.219616
0 0.261478 0.26203 0.476492
0 0.332204 0.155756 0.51204
0 0.400447 0.103855 0.495698
-1 0.3338 0.369515 0.296686
0 0.330424 0.173899 0.495676
1 0.44842 0.381845 0.169735
1 0.493631 0.331519 0.17485
1 0.526317 0.354378 0.119305
1 0.463637 0.383566 0.152796
1 0.440763 0.28871 0.270527
0 0.212108 0.393525 0.394367
-1 0.329657 0.380781 0.289563
1 0.395098 0.266121 0.338781
0 0.302059 0.213506 0.484436
0 0.33766 0.0904917 0.571849
0 0.142571 0.193805 0.663624
0 0.13637 0.409212 0.454418
0 0.250498 0.365663 0.383838
1 0.592003 0.09699 0.311007
1 0.447098 0.131143 0.42176
0 0.253349 0.215175 0.531477
0 0.296054 0.314251 0.389695
0 0.284488 0.149168 0.566344
0 0.359529 0.201905 0.438566
0 0.277838 0.17042 0.551742
0 0.32075 0.270186 0.409064
0 0.29083 0.17059 0.53858
0 0.175646 0.210512 0.613842
0 0.286017 0.109932 0.604051
-1 0.157019 0.468399 0.374582
1 0.37102 0.335311 0.293669
-1 0.351851 0.424304 0.223845
1 0.459817 0.261189 0.278994
-1 0.10287 0.490029 0.407101
0 0.214135 0.275456 0.510408
-1 0.349042 0.533848 0.11711
-1 0.286592 0.383768 0.32964
0 0.26952 0.0712151 0.659265
0 0.178863 0.159259 0.661878
0 0.138995 0.273481 0.587524
