labels 0 -1 1
-1 0.324112 0.476263 0.199625
1 0.306961 0.326376 0.366663
-1 0.221174 0.653924 0.124901
0 0.396912 0.331391 0.271697
0 0.41498 0.34237 0.24265
-1 0.209356 0.484398 0.306246
1 0.095035 0.429671 0.475294
0 0.525171 0.217018 0.25781
-1 0.230654 0.548323 0.221023
-1 0.16858 0.522257 0.309163
-1 0.364225 0.496861 0.138914
0 0.517368 0.307589 0.175044
-1 0.110402 0.780895 0.108703
1 0.261612 0.347978 0.39041
0 0.643697 0.28088 0.0754223
-1 0.278897 0.519674 0.201429
-1 0.344101 0.37681 0.279089
0 0.397866 0.316186 0.285948
1 0.173912 0.303952 0.522136
1 0.380917 0.228356 0.390727
1 0.255796 0.287935 0.456269
1 0.41293 0.137013 0.450058
1 0.265336 0.22594 0.508724
1 0.0646727 0.271203 0.664124
1 0.211754 0.267381 0.520865
0 0.648617 0.0700472 0.281336
1 0.377273 0.091439 0.531288
1 0.248176 0.228214 0.523609
1 0.371189 0.0971557 0.531655
0 0.462877 0.300542 0.236581
0 0.403932 0.223111 0.372957
0 0.427368 0.194132 0.3785
0 0.429906 0.218274 0.35182
1 0.168208 0.301937 0.529855
1 0.323879 0.272082 0.404039
0 0.381645 0.274482 0.343873
1 0.147086 0.412182 0.440733
-1 0.178497 0.597659 0.223844
1 0.270418 0.227594 0.501988
0 0.543935 0.276546 0.179519
0 0.726628 0.101392 0.17198
1 0.320321 0.333108 0.346571
1 0.34213 0.273463 0.384408
1 0.256895 0.241227 0.501878
-1 0.265861 0.392448 0.341691
1 0.249802 0.222001 0.528198
0 0.54403 0.281644 0.174325
-1 0.123873 0.447574 0.428553
-1 0.217644 0.467405 0.314951
-1 0.293607 0.511774 0.194619
-1 0.22743 0.437711 0.334858
1 0.202954 0.349126 0.44792
0 0.365878 0.364456 0.269666
1 0.308231 0.320356 0.371414
-1 0.41577 0.440628 0.143602
1 0.146134 0.341097 0.512769
0 0.496678 0.286392 0.21693
-1 0.15211 0.529235 0.318655
1 0.198973 0.335105 0.465922
-1 0.2851 0.41989 0.29501
1 0.195932 0.33879 0.465278
1 0.101598 0.294135 0.604266
1 0.244539 0.318986 0.436475
1 0.229225 0.243287 0.527487
1 0.111326 0.273123 0.615551
1 0.175909 0.317909 0.506181
1 0.18703 0.380329 0.432642
0 0.391469 0.389104 0.219427
-1 0.103008 0.449149 0.447843
-1 0.274667 0.461447 0.263886
-1 0.125467 0.516932 0.357602
-1 0.234036 0.462826 0.303139
-1 0.125468 0.654935 0.219597
1 0.198763 0.343683 0.457554
-1 0.316889 0.546284 0.136827
-1 0.175138 0.497614 0.327248
1 0.231975 0.320474 0.447551
-1 0.272678 0.633333 0.093989
1 0.0950341 0.306302 0.598664
0 0.485604 0.253871 0.260525
-1 0.310549 0.477194 0.212257
0 0.466032 0.27328 0.260689
1 0.216557 0.3077 0.475742
1 0.122319 0.43355 0.444131
1 0.270652 0.308098 0.42125
-1 0.28956 0.461534 0.248906
-1 0.232861 0.611405 0.155735
1 0.109559 0.306893 0.583548
-1 0.16473 0.63697 0.1983
1 0.138209 0.408793 0.452999
1 0.142219 0.242742 0.615039
-1 0.215433 0.580405 0.204163
1 0.143074 0.233948 0.622978
0 0.412502 0.405636 0.181862
1 0.155702 0.269 0.575298
-1 0.274232 0.425927 0.299841
0 0.472517 0.355038 0.172446
-1 0.178034 0.412505 0.409461
-1 0.28825 0.541251 0.1705
0 0.465764 0.306796 0.227441
0 0.381289 0.355285 0.263426
1 0.159518 0.297048 0.543434
-1 0.268392 0.553728 0.17788
1 0.16474 0.211949 0.623311
0 0.555789 0.359754 0.0844575
-1 0.157084 0.436847 0.406069
-1 0.233782 0.459953 0.306265
-1 0.251504 0.551298 0.197198
1 0.212651 0.39308 0.394269
-1 0.177524 0.493628 0.328848
-1 0.19173 0.509444 0.298826
-1 0.212791 0.447818 0.339391
-1 0.305857 0.642621 0.0515219
-1 0.160616 0.678647 0.160737
-1 0.157166 0.555319 0.287515
1 0.316327 0.192854 0.490818
1 0.165819 0.142476 0.691705
0 0.472792 0.289996 0.237212
1 0.211254 0.293869 0.494877
-1 0.329988 0.494672 0.17534
1 0.164791 0.409966 0.425243
-1 0.329778 0.35906 0.311162
1 0.233924 0.31847 0.447605
0 0.699813 0.158793 0.141393
-1 0.175091 0.515506 0.309403
-1 0.207112 0.599281 0.193607
-1 0.332721 0.389097 0.278181
-1 0.15556 0.449809 0.394631
1 0.376039 0.219787 0.404174
-1 0.151339 0.496397 0.352264
0 0.628784 0.276666 0.09455
-1 0.344607 0.415945 0.239448
-1 0.255802 0.567341 0.176857
0 0.385166 0.381063 0.233771
1 0.132194 0.307392 0.560414
1 0.209686 0.288442 0.501873
1 0.0914834 0.260225 0.648292
-1 0.308962 0.380418 0.31062
1 0.196634 0.289417 0.513949
-1 0.251857 0.379973 0.368171
1 0.295008 0.351917 0.353075
0 0.704553 0.176384 0.119063
-1 0.370702 0.418934 0.210364
0 0.640733 0.280509 0.0787576
-1 0.31161 0.500679 0.187711
-1 0.310184 0.392446 0.297369
-1 0.323851 0.519498 0.156651
-1 0.104556 0.640877 0.254567
0 0.536539 0.286267 0.177194
0 0.511729 0.248969 0.239302
-1 0.119548 0.661367 0.219085
1 0.320097 0.289134 0.39077
0 0.513792 0.150713 0.335494
1 0.138293 0.42125 0.440457
0 0.537603 0.097353 0.365044
1 0.324477 0.335926 0.339597
1 0.283383 0.132334 0.584283
-1 0.295938 0.449197 0.254865
1 0.273533 0.111495 0.614972
-1 0.252822 0.566889 0.18029
1 0.161901 0.0877333 0.750366
-1 0.362397 0.418904 0.218699
0 0.394265 0.273698 0.332037
1 0.152006 0.268506 0.579488
1 0.323961 0.293888 0.382151
1 0.14132 0.234986 0.623694
0 0.528837 0.159448 0.311715
1 0.316982 0.181765 0.501254
-1 0.287331 0.551675 0.160994
1 0.115058 0.189042 0.6959
0 0.814286 0.0968215 0.0888929
0 0.382312 0.351564 0.266124
-1 0.232435 0.403277 0.364289
0 0.69776 0.217903 0.0843366
-1 0.155843 0.632433 0.211724
0 0.673693 0.226066 0.10024
1 0.228917 0.369842 0.40124
1 0.237866 0.320522 0.441612
-1 0.225163 0.412675 0.362161
0 0.408976 0.208067 0.382957
1 0.283447 0.292592 0.423961
0 0.40665 0.19201 0.40134
-1 0.212499 0.487801 0.299701
1 0.448388 0.0894467 0.462166
1 0.313991 0.293308 0.392702
0 0.617197 0.107375 0.275428
1 0.144218 0.239008 0.616775
1 0.251402 0.258486 0.490112
1 0.228401 0.244783 0.526816
0 0.393337 0.253099 0.353564
1 0.255467 0.317783 0.42675
-1 0.269776 0.543192 0.187032
0 0.451164 0.303966 0.24487
0 0.554594 0.241915 0.203491
0 0.552976 0.251991 0.195033
0 0.527518 0.182256 0.290226
0 0.509953 0.259337 0.230709
1 0.311359 0.212388 0.476252
1 0.178354 0.334477 0.487169
-1 0.19367 0.524189 0.282141
1 0.245188 0.267454 0.487359
0 0.472347 0.46495 0.0627027
1 0.337266 0.199535 0.463198
-1 0.343865 0.540912 0.115223
0 0.756428 0.0568571 0.186715
0 0.665275 0.27887 0.055855
0 0.781702 0.10881 0.109488
-1 0.234809 0.498322 0.266869
-1 0.176385 0.499927 0.323688
-1 0.242492 0.379142 0.378367
0 0.526194 0.307095 0.16671
-1 0.201125 0.483605 0.31527
0 0.396152 0.306931 0.296917
-1 0.105207 0.569053 0.32574
1 0.333497 0.300046 0.366457
-1 0.116997 0.588792 0.294211
1 0.29914 0.314213 0.386647
-1 0.0509449 0.552918 0.396137
1 0.275693 0.330412 0.393895
-1 0.192676 0.503674 0.303651
-1 0.0793125 0.465809 0.454878
1 0.141529 0.427264 0.431207
-1 0.191204 0.4158 0.392996
1 0.120752 0.421684 0.457563
1 0.291747 0.18869 0.519563
0 0.450065 0.443134 0.106801
-1 0.239153 0.609839 0.151009
-1 0.190015 0.524821 0.285164
0 0.596685 0.190964 0.212351
0 0.384472 0.305333 0.310195
-1 0.360922 0.384067 0.255011
1 0.256981 0.272383 0.470636
1 0.385874 0.18288 0.431246
1 0.256872 0.291345 0.451783
1 0.344896 0.215299 0.439805
-1 0.318156 0.352716 0.329127
0 0.420809 0.173125 0.406066
0 0.525204 0.234649 0.240147
1 0.320471 0.163877 0.515652
-1 0.290948 0.36546 0.343593
1 0.392275 0.193079 0.414646
1 0.383366 0.192475 0.424159
1 0.22445 0.274914 0.500636
-1 0.378697 0.476719 0.144584
-1 0.256094 0.384821 0.359085
1 0.280532 0.350465 0.369003
0 0.500875 0.326231 0.172894
1 0.312977 0.14779 0.539233
1 0.215454 0.277748 0.506798
-1 0.316455 0.492586 0.190959
