labels 1 0 -1
-1 0.196214 0.164631 0.639155
1 0.429995 0.262999 0.307007
0 0.111462 0.603103 0.285435
-1 0.327367 0.202763 0.46987
0 0.221578 0.478414 0.300008
1 0.43574 0.212557 0.351703
1 0.512683 0.196551 0.290765
0 0.13167 0.738233 0.130097
-1 0.294543 0.153531 0.551926
-1 0.239026 0.210267 0.550706
-1 0.108231 0.147805 0.743964
-1 0.188445 0.386341 0.425214
-1 0.202916 0.339452 0.457631
-1 0.322104 0.094563 0.583333
0 0.0568205 0.557815 0.385365
-1 0.293331 0.189842 0.516827
0 0.242046 0.41427 0.343685
0 0.29082 0.459745 0.249436
1 0.523306 0.323796 0.152897
0 0.338121 0.453642 0.208237
0 0.412731 0.427291 0.159978
0 0.340105 0.478979 0.180916
1 0.487536 0.199217 0.313247
1 0.56425 0.284399 0.151351
0 0.413384 0.441312 0.145304
0 0.437259 0.470577 0.092164
0 0.390425 0.493764 0.115811
1 0.815742 0.0667143 0.117544
-1 0.293305 0.316381 0.390314
0 0.354717 0.433974 0.211309
1 0.485403 0.278648 0.235948
0 0.253452 0.410887 0.335661
-1 0.334585 0.213187 0.452228
1 0.671924 0.0783868 0.249689
1 0.384036 0.338765 0.277198
1 0.410491 0.196263 0.393246
-1 0.274942 0.0502223 0.674835
-1 0.19865 0.0906791 0.710671
1 0.4047 0.227329 0.367971
-1 0.181589 0.31616 0.502251
1 0.352472 0.326931 0.320598
-1 0.344851 0.25303 0.402119
-1 0.190812 0.315332 0.493856
1 0.504638 0.193092 0.30227
1 0.370632 0.325109 0.304259
0 0.401976 0.417391 0.180633
-1 0.260334 0.299682 0.439984
-1 0.228811 0.0672044 0.703984
-1 0.220972 0.21781 0.561218
1 0.379182 0.372607 0.248211
1 0.502204 0.0759589 0.421837
-1 0.374827 0.229478 0.395694
-1 0.192471 0.230252 0.577277
1 0.464317 0.131264 0.404419
0 0.0646108 0.537657 0.397732
1 0.643846 0.152761 0.203392
-1 0.166195 0.150368 0.683437
-1 0.277516 0.135786 0.586698
1 0.604978 0.217302 0.17772
-1 0.237571 0.310773 0.451657
1 0.534572 0.252781 0.212648
1 0.725937 0.117444 0.156619
1 0.541373 0.274775 0.183853
1 0.623772 0.263793 0.112435
1 0.615646 0.181159 0.203195
1 0.610025 0.190243 0.199732
1 0.460753 0.242384 0.296863
1 0.409158 0.314883 0.275959
-1 0.456809 0.0784105 0.464781
0 0.167025 0.474611 0.358364
1 0.668702 0.101087 0.230212
1 0.406692 0.230527 0.362781
-1 0.293451 0.111846 0.594703
1 0.513208 0.196655 0.290138
-1 0.191215 0.191223 0.617562
1 0.546641 0.1608 0.292558
1 0.413355 0.348408 0.238237
0 0.107709 0.60213 0.290161
1 0.780704 0.0451658 0.17413
0 0.154581 0.65255 0.192869
0 0.172955 0.602956 0.22409
0 0.17479 0.621751 0.203459
1 0.484791 0.260035 0.255174
1 0.445653 0.226922 0.327425
1 0.510156 0.188392 0.301452
1 0.423946 0.248055 0.327999
-1 0.231579 0.247529 0.520892
1 0.837682 0.0389352 0.123383
-1 0.259501 0.229057 0.511442
1 0.528815 0.226744 0.244441
1 0.639568 0.246678 0.113754
-1 0.197297 0.279829 0.522874
1 0.748576 0.112418 0.139006
0 0.131996 0.641628 0.226376
1 0.610965 0.147926 0.241109
0 0.209174 0.504483 0.286343
0 0.372365 0.423289 0.204346
1 0.570871 0.124047 0.305082
-1 0.105718 0.2947 0.599582
0 0.270082 0.56095 0.168968
0 0.116987 0.781102 0.101911
1 0.61519 0.212303 0.172507
0 0.334228 0.386534 0.279238
1 0.782037 0.100777 0.117186
-1 0.187859 0.399502 0.41264
1 0.409322 0.189849 0.400828
1 0.374218 0.348447 0.277335
0 0.143448 0.638651 0.217901
-1 0.390368 0.159161 0.450471
-1 0.168448 0.221105 0.610446
1 0.405026 0.228829 0.366145
-1 0.415409 0.155271 0.429321
0 0.0426517 0.578507 0.378841
-1 0.199832 0.207215 0.592953
-1 0.181257 0.106163 0.71258
0 0.324537 0.423887 0.251576
1 0.630751 0.288488 0.0807613
0 0.311574 0.372245 0.316181
1 0.443648 0.281875 0.274477
-1 0.197827 0.135737 0.666435
1 0.633028 0.141128 0.225844
0 0.331046 0.567872 0.101081
0 0.207723 0.512196 0.280081
0 0.0366033 0.921609 0.0417879
-1 0.358689 0.206156 0.435155
0 0.194778 0.561659 0.243563
0 0.207198 0.496731 0.296071
1 0.440984 0.191027 0.367988
0 0.271613 0.493569 0.234818
1 0.498525 0.245791 0.255684
-1 0.11244 0.42766 0.4599
0 0.269787 0.392489 0.337724
-1 0.2663 0.0932404 0.64046
0 0.320624 0.434175 0.245201
1 0.803623 0.0774812 0.118896
0 0.381776 0.520573 0.0976509
1 0.790605 0.0576772 0.151718
0 0.243948 0.636528 0.119525
1 0.420856 0.329311 0.249833
-1 0.302745 0.279149 0.418106
1 0.408565 0.24786 0.343575
0 0.213572 0.67631 0.110117
-1 0.2247 0.288775 0.486525
0 0.038519 0.846545 0.114936
0 0.0690563 0.565222 0.365722
0 0.158788 0.510595 0.330617
-1 0.118844 0.258661 0.622495
-1 0.266858 0.163407 0.569735
-1 0.0768843 0.234709 0.688407
-1 0.337242 0.178861 0.483897
-1 0.183228 0.377478 0.439294
0 0.26632 0.394281 0.339399
0 0.20119 0.448566 0.350244
-1 0.411281 0.139872 0.448847
0 0.0707295 0.793698 0.135572
-1 0.340045 0.16842 0.491535
0 0.369444 0.4379 0.192656
-1 0.284938 0.356722 0.35834
1 0.506577 0.180877 0.312545
0 0.139196 0.515433 0.345371
1 0.605338 0.141127 0.253535
0 0.211752 0.547506 0.240743
1 0.603084 0.126656 0.27026
1 0.760328 0.0585828 0.18109
0 0.283587 0.366361 0.350052
1 0.718342 0.0852448 0.196413
0 0.142422 0.766381 0.0911971
1 0.576565 0.237443 0.185992
0 0.108032 0.601742 0.290226
1 0.644886 0.165462 0.189652
0 0.0769016 0.629586 0.293512
1 0.439028 0.258437 0.302536
-1 0.229389 0.19929 0.571321
0 0.116311 0.534719 0.34897
-1 0.269273 0.300989 0.429738
0 0.0228518 0.614046 0.363102
-1 0.371845 0.106766 0.521389
0 0.283364 0.368342 0.348294
1 0.362575 0.29353 0.343895
-1 0.278355 0.271901 0.449744
-1 0.324158 0.162914 0.512929
-1 0.201627 0.334542 0.463831
-1 0.226263 0.102904 0.670833
0 0.256273 0.580813 0.162914
0 0.277516 0.519563 0.202921
-1 0.409975 0.176263 0.413763
1 0.816895 0.038272 0.144833
0 0.255707 0.512851 0.231443
1 0.597923 0.107834 0.294243
0 0.22184 0.56941 0.208749
1 0.555073 0.13768 0.307246
0 0.161957 0.602873 0.235169
0 0.131662 0.695825 0.172514
0 0.114979 0.511608 0.373413
0 0.109731 0.512684 0.377586
0 0.311087 0.4696 0.219313
0 0.182682 0.561255 0.256063
1 0.604698 0.227258 0.168044
1 0.5935 0.182811 0.223689
-1 0.247164 0.258825 0.494011
1 0.595074 0.147235 0.25769
-1 0.0916464 0.213786 0.694568
1 0.489838 0.341372 0.16879
-1 0.194747 0.255689 0.549564
0 0.0794498 0.899197 0.0213535
-1 0.162256 0.245421 0.592323
0 0.043622 0.86102 0.0953578
1 0.435115 0.250892 0.313993
0 0.367547 0.480447 0.152006
1 0.563356 0.159954 0.276691
0 0.190279 0.713906 0.0958154
1 0.370774 0.34057 0.288655
0 0.300464 0.564081 0.135456
-1 0.335832 0.19125 0.472918
0 0.22108 0.65435 0.12457
-1 0.426206 0.0897096 0.484085
1 0.418203 0.30927 0.272527
1 0.561901 0.170906 0.267193
1 0.445718 0.149768 0.404514
1 0.431531 0.242721 0.325748
1 0.68296 0.0857778 0.231262
-1 0.388903 0.192949 0.418148
1 0.453657 0.190174 0.35617
1 0.522773 0.281648 0.19558
1 0.63724 0.144328 0.218432
0 0.157063 0.462647 0.38029
-1 0.159448 0.265228 0.575324
0 0.236795 0.492812 0.270394
0 0.223847 0.601633 0.17452
1 0.388217 0.367952 0.243831
0 0.151057 0.647991 0.200952
1 0.396563 0.391207 0.212229
0 0.200485 0.573107 0.226408
1 0.365315 0.299973 0.334712
0 0.229891 0.471157 0.298952
-1 0.212454 0.184009 0.603537
0 0.194867 0.553958 0.251175
-1 0.141475 0.271331 0.587194
1 0.496184 0.161166 0.34265
-1 0.230926 0.295647 0.473427
1 0.496922 0.38914 0.113938
1 0.495944 0.309057 0.194999
1 0.405432 0.208222 0.386346
-1 0.130395 0.213154 0.65645
1 0.390561 0.23691 0.372529
1 0.621867 0.0885778 0.289555
0 0.0746931 0.630778 0.294529
1 0.423145 0.34207 0.234784
1 0.486614 0.109198 0.404188
0 0.205776 0.648481 0.145743
