labels 0 1 -1
1 0.260629 0.407119 0.332252
1 0.271284 0.462543 0.266174
-1 0.252505 0.354308 0.393187
1 0.245402 0.507657 0.246941
1 0.24369 0.427242 0.329068
1 0.263424 0.413279 0.323297
1 0.248425 0.383824 0.367751
-1 0.260864 0.343608 0.395528
1 0.2477 0.450801 0.301498
-1 0.253292 0.279272 0.467437
-1 0.282274 0.35267 0.365056
1 0.306954 0.373166 0.319879
1 0.228243 0.464436 0.307321
1 0.243561 0.443189 0.313249
-1 0.319941 0.221078 0.458981
-1 0.271655 0.351137 0.377208
-1 0.266615 0.279645 0.453741
-1 0.294014 0.225991 0.479995
1 0.22609 0.432991 0.340919
-1 0.312614 0.274016 0.41337
1 0.250276 0.500403 0.24932
1 0.279389 0.430402 0.290209
-1 0.277013 0.283929 0.439057
1 0.226916 0.486353 0.286731
1 0.267949 0.552226 0.179825
1 0.257513 0.471618 0.27087
1 0.260912 0.556498 0.182591
-1 0.298881 0.215237 0.485882
1 0.281366 0.518661 0.199973
-1 0.292037 0.320229 0.387734
1 0.255069 0.494109 0.250822
1 0.254432 0.488845 0.256723
1 0.204419 0.615166 0.180415
1 0.201521 0.536891 0.261588
1 0.25239 0.487745 0.259865
-1 0.250525 0.361473 0.388002
1 0.248943 0.420434 0.330622
-1 0.238292 0.333209 0.428499
1 0.21363 0.515105 0.271265
1 0.27691 0.426595 0.296496
1 0.267243 0.496658 0.236099
1 0.247672 0.537641 0.214687
1 0.278284 0.465646 0.25607
1 0.2461 0.489801 0.264099
1 0.221351 0.537582 0.241067
1 0.241527 0.490141 0.268331
1 0.255012 0.388514 0.356474
1 0.265649 0.426842 0.307509
1 0.270587 0.368935 0.360478
1 0.279703 0.382214 0.338082
1 0.259681 0.456419 0.2839
1 0.226758 0.508105 0.265137
1 0.239787 0.4886 0.271613
1 0.208329 0.560869 0.230802
1 0.336543 0.38879 0.274668
1 0.240878 0.436695 0.322427
1 0.252454 0.503454 0.244092
1 0.318315 0.43092 0.250765
1 0.230459 0.538344 0.231197
1 0.243317 0.48604 0.270644
1 0.293357 0.476169 0.230474
1 0.239789 0.586208 0.174003
1 0.286207 0.468445 0.245348
1 0.279774 0.49944 0.220786
1 0.275515 0.477156 0.247328
1 0.252148 0.526942 0.22091
1 0.246737 0.503126 0.250137
1 0.262228 0.434901 0.302871
1 0.227374 0.454776 0.31785
1 0.285986 0.45477 0.259244
1 0.258181 0.423618 0.3182
1 0.282864 0.46545 0.251686
1 0.279724 0.468813 0.251463
1 0.229909 0.528708 0.241383
1 0.256874 0.494438 0.248689
1 0.237228 0.476788 0.285984
1 0.282356 0.481239 0.236406
1 0.299363 0.426204 0.274433
1 0.235935 0.516285 0.247779
-1 0.303929 0.268041 0.42803
1 0.268208 0.473167 0.258624
-1 0.303024 0.285099 0.411877
1 0.288023 0.47945 0.232527
1 0.278239 0.39265 0.329112
1 0.261161 0.463437 0.275402
1 0.239817 0.550864 0.209319
1 0.220228 0.595665 0.184107
1 0.23721 0.510241 0.252549
1 0.260449 0.469293 0.270258
1 0.228404 0.587917 0.183679
1 0.255934 0.517464 0.226602
1 0.230259 0.561321 0.208419
1 0.242334 0.545276 0.21239
1 0.280111 0.376836 0.343054
1 0.272332 0.529691 0.197977
1 0.284316 0.415103 0.300581
1 0.274245 0.525773 0.199982
1 0.219804 0.532844 0.247351
1 0.308598 0.454891 0.236512
-1 0.284396 0.335192 0.380412
1 0.246807 0.516517 0.236676
1 0.24661 0.522427 0.230963
1 0.275372 0.556108 0.168521
1 0.305158 0.42208 0.272763
1 0.314923 0.360971 0.324105
1 0.297243 0.396483 0.306275
1 0.284701 0.467691 0.247608
-1 0.301245 0.177198 0.521557
1 0.239143 0.571329 0.189529
1 0.265983 0.385657 0.34836
1 0.252512 0.464607 0.282881
1 0.239007 0.407343 0.35365
-1 0.325588 0.265893 0.408519
-1 0.261669 0.327275 0.411056
-1 0.232502 0.312358 0.45514
1 0.266218 0.546412 0.187371
1 0.246026 0.53826 0.215714
1 0.243809 0.572717 0.183474
1 0.246926 0.505706 0.247368
1 0.256243 0.477853 0.265904
1 0.245223 0.476436 0.278341
1 0.27287 0.41239 0.31474
1 0.241066 0.46472 0.294213
1 0.3096 0.427202 0.263198
-1 0.269851 0.278058 0.452091
1 0.240588 0.392027 0.367385
1 0.26028 0.418286 0.321434
1 0.221385 0.506693 0.271922
1 0.280723 0.438693 0.280584
1 0.261588 0.440068 0.298343
1 0.304246 0.431712 0.264042
1 0.249176 0.515577 0.235246
1 0.247688 0.423815 0.328498
1 0.246616 0.478861 0.274523
1 0.225191 0.517975 0.256834
1 0.268981 0.528069 0.202951
1 0.244155 0.5216 0.234245
1 0.267853 0.544951 0.187196
1 0.252747 0.534672 0.212581
1 0.245978 0.50058 0.253442
1 0.249131 0.489251 0.261618
1 0.299015 0.406031 0.294953
-1 0.257409 0.342889 0.399702
-1 0.276475 0.285634 0.437891
1 0.220054 0.399666 0.38028
1 0.245513 0.450136 0.304351
-1 0.30167 0.23333 0.465
1 0.211685 0.453899 0.334416
-1 0.272864 0.344406 0.38273
-1 0.262787 0.286828 0.450385
1 0.21536 0.437085 0.347555
1 0.253276 0.378648 0.368076
1 0.261315 0.414121 0.324565
1 0.204045 0.522845 0.27311
1 0.241999 0.48215 0.275851
1 0.220936 0.551621 0.227443
1 0.259792 0.500782 0.239426
1 0.257326 0.376008 0.366666
1 0.232902 0.520576 0.246522
1 0.241619 0.399053 0.359328
1 0.229043 0.547042 0.223915
-1 0.295451 0.349402 0.355147
1 0.256209 0.51995 0.223841
1 0.236813 0.488866 0.274321
1 0.284908 0.471609 0.243483
1 0.250275 0.486752 0.262973
1 0.23214 0.569828 0.198031
1 0.23236 0.51141 0.25623
1 0.345176 0.399214 0.255611
1 0.24429 0.473671 0.282039
1 0.280508 0.449305 0.270188
1 0.238884 0.500381 0.260735
1 0.245496 0.377378 0.377126
-1 0.262018 0.33264 0.405341
-1 0.264166 0.271521 0.464314
-1 0.332062 0.232531 0.435407
-1 0.21854 0.311086 0.470374
1 0.219257 0.428747 0.351995
1 0.228852 0.44995 0.321198
1 0.244393 0.436339 0.319268
1 0.213779 0.483739 0.302482
1 0.228104 0.489515 0.282381
1 0.219147 0.481595 0.299259
1 0.264502 0.495613 0.239885
1 0.253801 0.499514 0.246685
1 0.243993 0.56605 0.189957
1 0.238278 0.502269 0.259453
1 0.251746 0.489977 0.258277
1 0.247238 0.52025 0.232512
1 0.266573 0.502369 0.231057
1 0.234553 0.520514 0.244933
1 0.290744 0.428452 0.280804
1 0.257983 0.490121 0.251896
1 0.230717 0.554132 0.215151
1 0.259198 0.504134 0.236668
1 0.277714 0.433396 0.28889
1 0.272013 0.434079 0.293908
1 0.280237 0.442835 0.276927
1 0.273708 0.476865 0.249427
1 0.324761 0.38009 0.295149
1 0.235437 0.538871 0.225692
1 0.248452 0.500891 0.250656
1 0.265505 0.530679 0.203815
1 0.247499 0.502253 0.250248
1 0.302814 0.517539 0.179647
1 0.20779 0.488427 0.303783
1 0.327932 0.349626 0.322442
1 0.254061 0.484334 0.261604
1 0.2432 0.508178 0.248622
1 0.244123 0.482637 0.27324
1 0.260709 0.456032 0.283259
1 0.243735 0.478018 0.278248
1 0.287245 0.391795 0.32096
1 0.212322 0.519038 0.268641
1 0.247424 0.461277 0.291299
1 0.21842 0.445318 0.336261
1 0.318994 0.385876 0.295131
1 0.225896 0.440731 0.333373
1 0.252156 0.526475 0.221369
1 0.263382 0.464703 0.271915
1 0.236658 0.460657 0.302685
1 0.247903 0.477135 0.274962
1 0.267705 0.47691 0.255384
1 0.263701 0.46014 0.276158
1 0.300757 0.373192 0.326051
1 0.286593 0.436127 0.27728
-1 0.314041 0.16314 0.522819
1 0.219302 0.419717 0.360981
-1 0.274818 0.316771 0.408411
-1 0.250021 0.342831 0.407148
1 0.249887 0.421712 0.328401
1 0.221815 0.466993 0.311192
1 0.244074 0.441369 0.314557
1 0.219781 0.465711 0.314508
1 0.241254 0.43218 0.326566
1 0.22827 0.489788 0.281942
1 0.211846 0.524182 0.263972
1 0.245831 0.487412 0.266757
-1 0.258569 0.305062 0.436368
1 0.269822 0.475017 0.255161
-1 0.300102 0.336765 0.363133
1 0.255177 0.510745 0.234079
1 0.246611 0.471579 0.281809
1 0.290278 0.500296 0.209426
1 0.279603 0.448 0.272397
1 0.251598 0.387867 0.360534
1 0.265492 0.458829 0.275679
1 0.254819 0.515248 0.229933
1 0.245161 0.529727 0.225112
-1 0.267581 0.338531 0.393888
