labels 1 -1 0
1 0.407288 0.189788 0.402924
1 0.48204 0.337801 0.18016
1 0.339669 0.321882 0.338449
1 0.357128 0.318415 0.324457
0 0.142215 0.172484 0.685301
0 0.162796 0.315358 0.521846
1 0.353774 0.346155 0.300071
0 0.302321 0.175196 0.522483
0 0.255572 0.275763 0.468665
0 0.118391 0.162504 0.719105
1 0.36857 0.288767 0.342663
1 0.458609 0.219482 0.321909
1 0.355569 0.323677 0.320754
-1 0.266899 0.485248 0.247853
0 0.109023 0.224494 0.666483
0 0.248591 0.182198 0.569211
0 0.276179 0.224882 0.49894
1 0.466209 0.338688 0.195103
1 0.483684 0.271237 0.245079
1 0.508391 0.225729 0.26588
0 0.261958 0.260333 0.477709
0 0.360606 0.161061 0.478333
1 0.515199 0.231696 0.253105
1 0.47939 0.380264 0.140346
-1 0.365978 0.471219 0.162803
-1 0.291387 0.392288 0.316325
-1 0.290349 0.385188 0.324464
1 0.382388 0.261128 0.356484
-1 0.338362 0.447722 0.213916
1 0.436436 0.281842 0.281723
-1 0.184495 0.612528 0.202977
-1 0.32527 0.35013 0.324599
-1 0.228216 0.405712 0.366071
-1 0.255482 0.536515 0.208003
-1 0.199857 0.518876 0.281266
0 0.369163 0.208304 0.422533
-1 0.213013 0.427092 0.359895
-1 0.12966 0.457545 0.412795
-1 0.239529 0.571215 0.189256
-1 0.335657 0.35769 0.306653
1 0.477325 0.28319 0.239484
-1 0.338631 0.564384 0.0969846
-1 0.253099 0.41156 0.335341
-1 0.341133 0.470938 0.187929
-1 0.244999 0.495291 0.259711
1 0.392609 0.221672 0.385719
0 0.0992315 0.12114 0.779628
-1 0.157207 0.426396 0.416398
-1 0.236333 0.402614 0.361053
1 0.35421 0.333497 0.312293
1 0.583984 0.315031 0.100986
-1 0.397918 0.487348 0.114734
1 0.347939 0.325473 0.326589
0 0.200731 0.212097 0.587171
-1 0.131027 0.474462 0.394511
1 0.547365 0.231214 0.22142
0 0.204729 0.190298 0.604973
-1 0.426533 0.427842 0.145625
1 0.399248 0.296422 0.30433
-1 0.307301 0.485577 0.207122
1 0.566268 0.222821 0.210912
1 0.639803 0.211475 0.148722
1 0.435387 0.337445 0.227167
1 0.414326 0.38802 0.197654
1 0.619136 0.173088 0.207776
1 0.450326 0.306688 0.242987
1 0.490805 0.252831 0.256364
0 0.257005 0.222245 0.52075
1 0.446079 0.338695 0.215226
1 0.450051 0.304306 0.245643
1 0.516178 0.218584 0.265238
1 0.51615 0.266057 0.217793
1 0.4881 0.324015 0.187884
1 0.42201 0.371386 0.206604
0 0.332215 0.283728 0.384057
0 0.33173 0.248976 0.419294
1 0.403816 0.255327 0.340857
0 0.297485 0.254467 0.448048
1 0.523558 0.292385 0.184056
1 0.449511 0.102014 0.448475
0 0.27021 0.30681 0.42298
0 0.131756 0.198039 0.670204
-1 0.336184 0.405087 0.25873
1 0.553953 0.296303 0.149743
1 0.5457 0.311247 0.143053
1 0.357778 0.289886 0.352336
0 0.174637 0.395923 0.42944
1 0.588636 0.240091 0.171273
-1 0.314846 0.376317 0.308837
1 0.48097 0.311263 0.207768
1 0.479539 0.224013 0.296448
0 0.318839 0.296217 0.384944
1 0.554043 0.257298 0.188659
0 0.234313 0.193143 0.572545
1 0.690003 0.161358 0.148639
1 0.475739 0.152809 0.371452
0 0.340366 0.297447 0.362187
1 0.521326 0.231523 0.247151
0 0.251191 0.164251 0.584558
1 0.574951 0.198846 0.226203
-1 0.23991 0.470295 0.289796
1 0.735933 0.189676 0.0743905
-1 0.33529 0.541351 0.123359
1 0.57506 0.311884 0.113056
-1 0.270786 0.426586 0.302627
1 0.519402 0.142471 0.338126
1 0.522247 0.271808 0.205944
0 0.333159 0.125695 0.541146
-1 0.378967 0.458905 0.162128
0 0.275153 0.146081 0.578766
0 0.23036 0.300074 0.469566
1 0.516626 0.143747 0.339627
0 0.08423 0.126532 0.789238
-1 0.329844 0.370375 0.299781
1 0.451665 0.258414 0.289921
-1 0.325839 0.352126 0.322035
1 0.54248 0.250071 0.207449
-1 0.160721 0.498969 0.34031
-1 0.401668 0.426406 0.171926
0 0.186329 0.312052 0.501619
1 0.488154 0.186117 0.325729
0 0.327322 0.180795 0.491883
0 0.28015 0.279025 0.440825
0 0.0541639 0.0982771 0.847559
0 0.213332 0.23117 0.555498
0 0.227996 0.38012 0.391884
0 0.392123 0.174456 0.433421
1 0.461616 0.207364 0.331021
1 0.432904 0.207325 0.359771
1 0.488552 0.28702 0.224428
-1 0.243538 0.463333 0.29313
-1 0.311363 0.49539 0.193248
-1 0.304568 0.529971 0.165461
0 0.337438 0.198215 0.464347
1 0.452921 0.452726 0.0943536
1 0.406624 0.190083 0.403293
1 0.503596 0.188887 0.307517
0 0.227803 0.307802 0.464395
1 0.424246 0.25696 0.318794
0 0.356739 0.283195 0.360066
1 0.49889 0.161988 0.339122
0 0.248193 0.170835 0.580972
0 0.292348 0.195394 0.512259
0 0.212201 0.188811 0.598988
0 0.191791 0.244439 0.56377
0 0.273744 0.1976 0.528656
0 0.309241 0.236306 0.454453
1 0.381455 0.273193 0.345352
0 0.312627 0.118124 0.569249
0 0.440805 0.117966 0.441229
0 0.202302 0.328077 0.46962
0 0.320403 0.306304 0.373293
0 0.252889 0.130833 0.616279
-1 0.333533 0.39299 0.273477
0 0.226519 0.117931 0.65555
0 0.247545 0.25869 0.493765
0 0.16943 0.164946 0.665624
0 0.207162 0.147709 0.645129
-1 0.323052 0.339984 0.336964
0 0.136119 0.303417 0.560464
0 0.276442 0.334266 0.389292
0 0.245935 0.374649 0.379417
0 0.279335 0.345863 0.374802
1 0.510746 0.35702 0.132234
-1 0.262841 0.370346 0.366813
1 0.523056 0.211149 0.265795
0 0.172547 0.11481 0.712643
0 0.311735 0.198528 0.489737
-1 0.197441 0.43974 0.362819
1 0.628238 0.165908 0.205854
0 0.212452 0.121537 0.666011
0 0.185966 0.142899 0.671135
0 0.157451 0.210095 0.632454
0 0.140505 0.100316 0.759179
0 0.176064 0.172043 0.651893
0 0.149084 0.146653 0.704263
1 0.525828 0.181053 0.293119
0 0.297007 0.207924 0.495069
0 0.287249 0.266236 0.446514
0 0.281042 0.146479 0.572479
0 0.211979 0.143375 0.644646
0 0.211892 0.119528 0.66858
0 0.288513 0.327012 0.384475
-1 0.244253 0.457163 0.298584
-1 0.330278 0.342104 0.327618
0 0.25304 0.186967 0.559993
-1 0.357146 0.416042 0.226812
0 0.195026 0.288981 0.515992
0 0.3808 0.212578 0.406622
0 0.113827 0.110636 0.775537
0 0.298169 0.211239 0.490592
-1 0.204055 0.499612 0.296332
1 0.345172 0.319125 0.335704
-1 0.335151 0.398504 0.266344
1 0.379291 0.294367 0.326342
1 0.432266 0.312471 0.255262
1 0.447971 0.214707 0.337322
1 0.526431 0.175382 0.298187
1 0.556575 0.155026 0.288399
1 0.431293 0.206418 0.36229
1 0.55624 0.256635 0.187125
0 0.178437 0.330987 0.490577
0 0.373706 0.181494 0.4448
1 0.421025 0.285057 0.293918
1 0.41891 0.280785 0.300305
1 0.407967 0.334218 0.257816
0 0.296356 0.326948 0.376696
1 0.650287 0.165368 0.184345
1 0.570758 0.17382 0.255422
1 0.489795 0.276216 0.23399
0 0.264578 0.351152 0.384269
0 0.366529 0.146962 0.486508
1 0.458126 0.122176 0.419697
-1 0.3119 0.391799 0.2963
0 0.362993 0.19281 0.444197
1 0.433985 0.39344 0.172575
-1 0.431352 0.432939 0.135709
1 0.573017 0.326643 0.10034
-1 0.394025 0.41692 0.189055
1 0.396683 0.270629 0.332688
0 0.261084 0.348449 0.390467
1 0.396643 0.293196 0.310161
1 0.403014 0.324341 0.272645
0 0.368307 0.200958 0.430735
0 0.419301 0.0711206 0.509579
0 0.154922 0.185362 0.659716
-1 0.145315 0.458333 0.396352
0 0.326892 0.310658 0.36245
1 0.510064 0.113099 0.376837
1 0.450063 0.118668 0.431268
0 0.254013 0.191684 0.554303
0 0.349385 0.281845 0.36877
0 0.271242 0.16468 0.564079
0 0.341359 0.228982 0.429659
0 0.235711 0.158639 0.60565
0 0.298154 0.25087 0.450976
0 0.217211 0.143012 0.639776
0 0.177813 0.14536 0.676827
0 0.237703 0.0840792 0.678218
0 0.181053 0.38412 0.434827
1 0.363576 0.320842 0.315581
-1 0.355984 0.423712 0.220303
1 0.369377 0.306759 0.323864
-1 0.107762 0.446671 0.445566
0 0.272634 0.287358 0.440008
-1 0.379587 0.529302 0.0911106
0 0.301468 0.306301 0.392231
0 0.285223 0.0617529 0.653024
0 0.246656 0.238883 0.514461
0 0.127714 0.243049 0.629236
