labels 0 -1 1
1 0.171953 0.339943 0.488104
1 0.198928 0.260189 0.540882
-1 0.19336 0.44776 0.358881
1 0.168985 0.312826 0.518189
-1 0.193384 0.407232 0.399383
-1 0.151754 0.444732 0.403515
1 0.160823 0.40954 0.429637
-1 0.237686 0.424695 0.337618
1 0.183356 0.400407 0.416238
-1 0.176938 0.536717 0.286345
-1 0.1963 0.40298 0.40072
1 0.310521 0.336486 0.352993
-1 0.145259 0.436239 0.418502
1 0.182795 0.381421 0.435784
-1 0.291916 0.49877 0.209314
-1 0.203249 0.430515 0.366236
-1 0.16349 0.484052 0.352458
-1 0.17133 0.517237 0.311433
1 0.160898 0.326102 0.513
-1 0.237875 0.448113 0.314012
1 0.217989 0.273549 0.508462
1 0.189902 0.277672 0.532426
1 0.206491 0.356892 0.436618
1 0.146873 0.218376 0.634751
1 0.191288 0.168978 0.639734
1 0.245887 0.228818 0.525295
1 0.22088 0.149999 0.629121
-1 0.293697 0.451269 0.255034
1 0.249204 0.217821 0.532975
-1 0.194334 0.433553 0.372113
1 0.239396 0.294778 0.465826
1 0.181103 0.299958 0.51894
1 0.0999212 0.166648 0.733431
1 0.0919369 0.325172 0.582891
1 0.166366 0.274243 0.559392
-1 0.210253 0.425947 0.363799
1 0.144314 0.419427 0.436258
-1 0.131854 0.522192 0.345954
1 0.108275 0.324642 0.567083
1 0.171255 0.3765 0.452246
1 0.292353 0.261258 0.446389
1 0.153894 0.27673 0.569376
1 0.188106 0.300182 0.511712
1 0.141682 0.25197 0.606348
1 0.0952619 0.273091 0.631647
1 0.181843 0.326568 0.491589
-1 0.227026 0.397811 0.375164
-1 0.233442 0.409522 0.357036
1 0.172698 0.393123 0.434179
-1 0.217895 0.438187 0.343917
1 0.246686 0.338355 0.414959
1 0.141597 0.291965 0.566437
1 0.142041 0.324504 0.533455
1 0.141758 0.210459 0.647783
-1 0.26544 0.419695 0.314865
1 0.143144 0.365574 0.491282
1 0.201399 0.275883 0.522717
-1 0.304752 0.359027 0.336222
1 0.143352 0.184847 0.6718
1 0.160172 0.332597 0.507231
1 0.22354 0.232876 0.543584
1 0.16065 0.217442 0.621908
1 0.305348 0.266414 0.428238
1 0.201018 0.205217 0.593765
1 0.183865 0.242635 0.573501
1 0.162771 0.222721 0.614508
1 0.123795 0.293534 0.58267
1 0.213637 0.367455 0.418908
1 0.134909 0.404609 0.460481
1 0.203933 0.32158 0.474487
1 0.170874 0.376253 0.452873
1 0.144803 0.313775 0.541422
1 0.190128 0.282441 0.527431
1 0.111677 0.228222 0.660101
1 0.135868 0.287773 0.576359
1 0.107355 0.371096 0.521549
1 0.167474 0.251756 0.58077
1 0.218529 0.337358 0.444113
1 0.107273 0.291468 0.601258
-1 0.135959 0.580186 0.283854
-1 0.373092 0.378353 0.248554
-1 0.259961 0.491513 0.248526
1 0.196047 0.218318 0.585635
1 0.25046 0.355464 0.394076
1 0.191349 0.245255 0.563396
1 0.118962 0.197224 0.683814
1 0.107083 0.220012 0.672905
1 0.0877871 0.20238 0.709833
1 0.189137 0.359469 0.451395
1 0.105444 0.20233 0.692226
1 0.140786 0.208901 0.650313
1 0.159164 0.235914 0.604922
1 0.132066 0.214302 0.653631
1 0.132599 0.429371 0.43803
1 0.148949 0.234737 0.616314
1 0.205339 0.300804 0.493857
1 0.209377 0.213889 0.576733
1 0.0633697 0.318871 0.61776
1 0.267759 0.358734 0.373507
0 0.368502 0.351889 0.279609
1 0.199882 0.328361 0.471756
1 0.117381 0.244634 0.637985
1 0.315912 0.17788 0.506207
1 0.306803 0.193651 0.499546
-1 0.33192 0.397075 0.271005
1 0.12155 0.374419 0.504031
1 0.148254 0.288888 0.562858
-1 0.222337 0.638133 0.139531
1 0.152573 0.332707 0.51472
-1 0.172815 0.426643 0.400542
1 0.167166 0.332698 0.500136
1 0.119216 0.428893 0.451891
-1 0.283378 0.427442 0.28918
-1 0.180728 0.579808 0.239463
-1 0.166196 0.477019 0.356786
1 0.19461 0.181997 0.623393
1 0.175482 0.159682 0.664836
1 0.203786 0.198886 0.597328
1 0.16207 0.228623 0.609307
1 0.220045 0.252938 0.527018
1 0.092372 0.268901 0.638727
1 0.167279 0.383091 0.44963
-1 0.198835 0.421559 0.379606
1 0.248015 0.300715 0.451271
-1 0.213187 0.529322 0.257492
1 0.148929 0.396555 0.454517
1 0.176613 0.345957 0.47743
1 0.149755 0.276528 0.573717
1 0.210884 0.277749 0.511368
1 0.204762 0.300527 0.494712
1 0.319129 0.292645 0.388226
1 0.12631 0.253564 0.620127
1 0.179409 0.348192 0.472399
1 0.12906 0.225713 0.645227
1 0.10934 0.306815 0.583845
1 0.166969 0.220148 0.612883
1 0.146419 0.24749 0.606091
1 0.228626 0.216884 0.55449
1 0.196562 0.213356 0.590083
1 0.143136 0.25268 0.604184
1 0.134169 0.288604 0.577226
1 0.283643 0.327031 0.389327
-1 0.261465 0.42988 0.308654
-1 0.228205 0.558628 0.213167
-1 0.154114 0.518921 0.326965
1 0.136394 0.376202 0.487404
-1 0.215474 0.574143 0.210384
1 0.136356 0.364417 0.499226
-1 0.160571 0.433376 0.406053
-1 0.169936 0.438969 0.391095
-1 0.127011 0.461847 0.411142
-1 0.170543 0.462321 0.367136
1 0.211478 0.310861 0.47766
1 0.144158 0.27332 0.582521
1 0.172216 0.214783 0.613001
1 0.185721 0.242593 0.571687
1 0.17826 0.223506 0.598235
-1 0.17559 0.443052 0.381358
1 0.146401 0.259576 0.594023
-1 0.138283 0.468689 0.393028
1 0.128362 0.234728 0.63691
-1 0.172604 0.430491 0.396905
1 0.15065 0.229763 0.619588
1 0.113263 0.293629 0.593107
1 0.195616 0.263282 0.541103
1 0.132416 0.264677 0.602908
1 0.140799 0.181754 0.677447
1 0.16633 0.288143 0.545527
1 0.294248 0.352821 0.352931
1 0.213549 0.251595 0.534857
1 0.189514 0.285036 0.52545
1 0.202689 0.323447 0.473864
-1 0.173235 0.452723 0.374041
-1 0.177634 0.419631 0.402734
-1 0.207123 0.624822 0.168055
-1 0.233929 0.572579 0.193492
-1 0.127274 0.552524 0.320202
1 0.124952 0.436371 0.438677
-1 0.150801 0.454897 0.394302
1 0.145243 0.410258 0.444499
1 0.15053 0.33389 0.515581
1 0.151053 0.345971 0.502977
1 0.126419 0.363271 0.51031
1 0.186292 0.229751 0.583957
1 0.149362 0.31512 0.535518
1 0.157725 0.182996 0.659279
1 0.105222 0.273824 0.620955
1 0.153825 0.296459 0.549716
1 0.146534 0.241981 0.611485
1 0.175934 0.270563 0.553503
1 0.120366 0.276059 0.603575
1 0.193027 0.371378 0.435595
1 0.16637 0.248326 0.585304
1 0.201276 0.253316 0.545408
1 0.270228 0.24829 0.481482
1 0.320934 0.275768 0.403298
1 0.266005 0.316959 0.417036
1 0.205891 0.282043 0.512066
1 0.23921 0.318786 0.442004
0 0.377111 0.373593 0.249296
1 0.230011 0.208328 0.561661
1 0.292431 0.32023 0.387339
1 0.192089 0.183581 0.624331
1 0.320555 0.329922 0.349523
0 0.582631 0.107975 0.309394
1 0.215117 0.380651 0.404233
1 0.295188 0.28653 0.418282
1 0.168452 0.314906 0.516642
1 0.165179 0.299686 0.535135
1 0.232897 0.343403 0.4237
1 0.247228 0.334126 0.418647
1 0.200566 0.368075 0.431358
1 0.228339 0.37838 0.393282
1 0.1329 0.377567 0.489533
1 0.199917 0.369488 0.430594
1 0.170834 0.397263 0.431903
1 0.281085 0.297729 0.421186
1 0.129136 0.353331 0.517533
1 0.156487 0.270407 0.573105
1 0.111656 0.281265 0.607079
1 0.10549 0.388425 0.506086
1 0.140723 0.339691 0.519586
1 0.142144 0.271099 0.586757
1 0.156486 0.298391 0.545123
1 0.148855 0.350821 0.500324
1 0.308615 0.263579 0.427806
-1 0.212675 0.665512 0.121814
1 0.153745 0.372051 0.474204
-1 0.169388 0.485089 0.345524
-1 0.153591 0.460996 0.385413
-1 0.166147 0.423496 0.410357
1 0.154389 0.36427 0.481341
1 0.165248 0.296635 0.538117
1 0.182527 0.305823 0.51165
1 0.184 0.314753 0.501246
1 0.140125 0.286689 0.573186
1 0.137334 0.237832 0.624834
1 0.18432 0.303414 0.512266
-1 0.24584 0.448886 0.305274
1 0.157578 0.335185 0.507237
-1 0.235853 0.405185 0.358963
1 0.194681 0.272647 0.532672
1 0.140554 0.310446 0.548999
1 0.206671 0.235336 0.557993
1 0.184513 0.289751 0.525737
1 0.196009 0.338928 0.465063
1 0.156865 0.25885 0.584285
1 0.264345 0.227902 0.507753
1 0.153121 0.223648 0.623231
-1 0.181527 0.473353 0.34512
