labels 1 -1 0
-1 0.000803831 0.905519 0.0936772
1 0.800516 0.00296385 0.19652
0 0.107351 0.0917716 0.800877
0 0.375307 0.00849919 0.616194
0 0.0786852 0.0710094 0.850305
0 0.0179569 0.0751213 0.906922
0 0.465499 0.00791841 0.526583
0 0.0154263 0.00588913 0.978685
0 0.0340307 0.0230421 0.942927
0 0.0258658 0.34057 0.633565
-1 0.000221827 0.961698 0.03808
1 0.686698 0.00500253 0.308299
0 0.061289 0.00900323 0.929708
1 0.960265 0.000832621 0.0389019
0 0.132287 0.00735891 0.860354
0 0.166741 0.0145529 0.818707
0 0.112718 0.00821833 0.879064
0 0.229033 0.0118349 0.759132
0 0.152382 0.0244371 0.823181
0 0.138164 0.105351 0.756485
1 0.51671 0.0562029 0.427087
1 0.942017 0.000681788 0.0573008
1 0.685757 0.00618877 0.308054
0 0.162721 0.254252 0.583027
1 0.612646 0.0233227 0.364032
0 0.227656 0.185768 0.586576
1 0.911861 0.0012069 0.0869321
-1 0.00212404 0.703877 0.293999
-1 0.180577 0.466819 0.352604
0 0.105436 0.185585 0.708979
-1 0.0312382 0.525742 0.443019
0 0.161463 0.142287 0.69625
0 0.00732458 0.234292 0.758383
0 0.0262723 0.149737 0.823991
1 0.843545 0.00214213 0.154313
0 0.0119513 0.046857 0.941192
0 0.0591389 0.0207979 0.920063
0 0.00399096 0.0462354 0.949774
0 0.00688831 0.426555 0.566556
0 0.0359051 0.376993 0.587102
0 0.0691485 0.180232 0.750619
0 0.252752 0.181776 0.565471
0 0.0856836 0.107677 0.80664
0 0.003197 0.353929 0.642874
0 0.08898 0.116414 0.794606
0 0.244612 0.00428481 0.751103
0 0.0472138 0.0455109 0.907275
0 0.0140506 0.33319 0.652759
0 0.0237222 0.0997961 0.876482
-1 0.00093394 0.752276 0.24679
0 0.0528109 0.206045 0.741144
0 0.381094 0.0244236 0.594483
0 0.0216018 0.0440117 0.934387
-1 0.0016698 0.66261 0.33572
0 0.0175227 0.0113516 0.971126
0 0.0261967 0.175727 0.798076
-1 0.0203472 0.726707 0.252946
0 0.105699 0.0718383 0.822462
0 0.0148294 0.378377 0.606794
-1 0.0222246 0.870352 0.107423
-1 0.0802013 0.544855 0.374944
0 0.232199 0.107643 0.660157
0 0.156503 0.406449 0.437047
0 0.171368 0.308925 0.519707
1 0.537098 0.0765222 0.38638
0 0.320331 0.0685389 0.61113
1 0.840596 0.00549923 0.153905
0 0.0435902 0.0929739 0.863436
-1 0.000594625 0.951464 0.0479415
0 0.0131311 0.319682 0.667187
0 0.0834356 0.426255 0.49031
-1 7.17313e-05 0.965738 0.0341902
-1 0.07362 0.595671 0.330709
0 0.0335292 0.460046 0.506425
0 0.173579 0.092127 0.734294
-1 0.00369552 0.578241 0.418063
-1 0.000604208 0.893375 0.106021
0 0.0549422 0.316129 0.628929
1 0.996605 6.39229e-05 0.00333145
0 0.0134075 0.0391492 0.947443
0 0.226984 0.0444687 0.728547
-1 0.00364046 0.545511 0.450848
0 0.156591 0.236356 0.607053
-1 0.0522513 0.559882 0.387867
0 0.260815 0.304284 0.434902
-1 0.0169507 0.790978 0.192072
0 0.154649 0.323189 0.522162
1 0.517814 0.24023 0.241956
-1 0.00263938 0.903491 0.0938697
1 0.865008 0.0133973 0.121595
-1 0.00121892 0.93677 0.0620114
0 0.1653 0.396085 0.438615
1 0.594012 0.0221878 0.3838
-1 0.00202244 0.814002 0.183975
0 0.303324 0.174935 0.52174
-1 0.0603392 0.483849 0.455812
1 0.770389 0.0285442 0.201067
1 0.979533 0.000777086 0.0196895
0 0.249642 0.113497 0.636861
1 0.638263 0.040514 0.321223
-1 0.00235457 0.918468 0.0791778
-1 8.62644e-05 0.990179 0.00973483
1 0.516522 0.142895 0.340583
1 0.483674 0.21498 0.301346
1 0.661002 0.106582 0.232416
-1 0.00099183 0.908931 0.0900772
1 0.958998 0.00240357 0.038598
0 0.287158 0.0860534 0.626789
0 0.135082 0.164055 0.700863
0 0.111086 0.0531308 0.835783
1 0.633245 0.0258317 0.340923
1 0.616099 0.00824117 0.375659
0 0.0479222 0.0167496 0.935328
0 0.159583 0.00687796 0.833539
0 0.0105305 0.456139 0.533331
0 0.0961943 0.153174 0.750632
0 0.0794161 0.394266 0.526318
0 0.0640083 0.250015 0.685977
0 0.247193 0.198474 0.554333
0 0.134466 0.121702 0.743831
1 0.645137 0.00838879 0.346474
0 0.0777671 0.0210922 0.901141
0 0.337634 0.0184709 0.643895
0 0.109037 0.00412708 0.886836
0 0.0200617 0.00655549 0.973383
0 0.0812745 0.0358731 0.882852
0 0.400036 0.0115671 0.588397
-1 0.00486543 0.717242 0.277893
0 0.0821585 0.0843925 0.833449
-1 0.00882564 0.890745 0.100429
-1 0.0931557 0.491341 0.415503
-1 0.104401 0.564345 0.331254
0 0.278421 0.309139 0.41244
0 0.021252 0.368915 0.609833
1 0.519486 0.059757 0.420757
0 0.0473142 0.0577266 0.894959
-1 0.00190784 0.866443 0.131649
0 0.0132983 0.335832 0.650869
-1 0.101375 0.510647 0.387979
0 0.0300679 0.238918 0.731014
1 0.619344 0.0437466 0.336909
0 0.0162569 0.0890544 0.894689
1 0.802131 0.014023 0.183846
0 0.166331 0.0206431 0.813026
0 0.0359241 0.0859226 0.878153
0 0.377446 0.00600181 0.616552
0 0.0819404 0.0126963 0.905363
0 0.157274 0.0487095 0.794016
1 0.915705 0.00148254 0.0828128
0 0.0448675 0.0670379 0.888095
0 0.256443 0.0454032 0.698154
1 0.479994 0.0422335 0.477772
0 0.0165725 0.0748658 0.908562
0 0.439839 0.06791 0.492251
0 0.211509 0.0291793 0.759312
0 0.197018 0.151006 0.651976
1 0.824618 0.00258727 0.172795
0 0.0300673 0.0845949 0.885338
1 0.779509 0.00380676 0.216684
0 0.0247274 0.0995014 0.875771
0 0.183593 0.209104 0.607303
-1 0.00300725 0.837704 0.159289
0 0.116679 0.148457 0.734864
-1 0.155768 0.563037 0.281196
0 0.187153 0.22727 0.585577
1 0.912857 0.0147124 0.0724302
0 0.447171 0.00759411 0.545235
-1 0.000559671 0.877032 0.122409
-1 0.0231624 0.53269 0.444147
1 0.489446 0.0397062 0.470848
1 0.617145 0.00308219 0.379773
0 0.303182 0.0166531 0.680165
1 0.850307 0.00327472 0.146418
0 0.118964 0.0189654 0.86207
1 0.902209 0.00226323 0.0955281
0 0.0511585 0.0412971 0.907544
0 0.198359 0.177449 0.624192
0 0.051608 0.036954 0.911438
0 0.0554262 0.175061 0.769513
0 0.0785062 0.0502201 0.871274
0 0.364134 0.0699447 0.565921
0 0.0507401 0.114459 0.834801
-1 0.0190074 0.648372 0.33262
0 0.17568 0.190054 0.634266
-1 0.0629832 0.488867 0.44815
0 0.00231737 0.329214 0.668469
0 0.056285 0.114338 0.829377
0 0.00589033 0.265849 0.728261
0 0.0187664 0.281007 0.700226
0 0.00888534 0.0909434 0.900171
-1 0.000796821 0.779915 0.219288
0 0.025898 0.403378 0.570724
-1 0.007071 0.757832 0.235097
-1 0.0135588 0.555998 0.430443
-1 0.0172159 0.768355 0.214429
0 0.0669357 0.440517 0.492547
0 0.0424926 0.426263 0.531244
0 0.0459417 0.209166 0.744893
-1 0.00351869 0.907413 0.0890681
0 0.327104 0.184608 0.488288
-1 0.0373042 0.554438 0.408258
0 0.250811 0.212018 0.537171
-1 0.00350623 0.713084 0.28341
-1 0.0227731 0.855256 0.12197
0 0.155071 0.364724 0.480205
1 0.458135 0.131396 0.410469
0 0.0852135 0.256204 0.658583
1 0.594378 0.105765 0.299857
0 0.0886898 0.0711908 0.840119
0 0.0399464 0.433051 0.527003
0 0.0397427 0.222821 0.737436
1 0.54779 0.0514524 0.400758
0 0.127552 0.0226051 0.849843
1 0.631674 0.0122123 0.356113
0 0.0468682 0.0377113 0.91542
-1 0.000672904 0.924531 0.0747962
0 0.235341 0.0637748 0.700884
0 0.0867675 0.28896 0.624273
0 0.0467855 0.379503 0.573711
0 0.0652725 0.0566562 0.878071
0 0.0329673 0.116133 0.8509
-1 0.00186937 0.561772 0.436358
0 0.0433759 0.0436578 0.912966
1 0.998159 6.09323e-06 0.00183488
0 0.0462794 0.00240414 0.951316
0 0.29532 0.00857702 0.696103
0 0.0211299 0.00552234 0.973348
0 0.181296 0.0397114 0.778993
1 0.572525 0.00916157 0.418314
0 0.205891 0.0233239 0.770785
0 0.117653 0.0714066 0.810941
0 0.334537 0.0209867 0.644476
0 0.025069 0.0528986 0.922032
0 0.166105 0.0215432 0.812352
0 0.0425928 0.114783 0.842624
0 0.105091 0.105848 0.789061
1 0.698266 0.00178788 0.299946
0 0.420718 0.00444523 0.574837
-1 0.00364916 0.610763 0.385587
-1 0.0449372 0.687277 0.267786
0 0.0935293 0.0774356 0.829035
0 0.00543764 0.178786 0.815777
-1 0.000939347 0.886378 0.112683
-1 0.00154641 0.853157 0.145297
0 0.0245201 0.145953 0.829527
0 0.0312041 0.469965 0.498831
0 0.271627 0.0155681 0.712805
0 0.0159443 0.0615985 0.922457
0 0.228191 0.00736232 0.764446
0 0.241698 0.00316497 0.755137
