labels 0 -1 1
1 0.355548 0.142321 0.50213
1 0.152423 0.127909 0.719668
0 0.706822 0.109324 0.183853
1 0.154584 0.169581 0.675835
0 0.665759 0.126648 0.207593
1 0.208338 0.268052 0.52361
1 0.0422151 0.0648407 0.892944
0 0.884616 0.0328246 0.0825593
1 0.126969 0.32584 0.54719
0 0.500983 0.459316 0.0397013
1 0.172359 0.178518 0.649123
0 0.854343 0.0329428 0.112714
0 0.637517 0.0950343 0.267449
1 0.149719 0.353306 0.496975
0 0.983019 0.0096405 0.00734011
0 0.425691 0.152743 0.421566
1 0.0972104 0.141109 0.761681
1 0.107853 0.0585221 0.833625
1 0.342678 0.0217188 0.635603
1 0.1362 0.164013 0.699787
-1 0.214567 0.612782 0.172651
0 0.720651 0.120149 0.1592
0 0.566225 0.101351 0.332424
1 0.226509 0.0581106 0.71538
1 0.0368028 0.196344 0.766854
1 0.0648411 0.0410054 0.894154
0 0.64989 0.0142208 0.33589
-1 0.0904718 0.730075 0.179453
1 0.266605 0.103491 0.629904
0 0.499936 0.464612 0.035452
1 0.245806 0.103015 0.651179
0 0.745221 0.0842234 0.170555
0 0.598622 0.228383 0.172995
-1 0.0983764 0.489096 0.412528
1 0.31383 0.314101 0.372069
-1 0.184551 0.687795 0.127654
-1 0.0498584 0.48633 0.463812
-1 0.102943 0.774702 0.122355
1 0.0929341 0.180439 0.726627
0 0.939176 0.0167553 0.0440685
-1 0.347414 0.513254 0.139332
-1 0.22216 0.592221 0.18562
0 0.553624 0.160481 0.285895
1 0.215126 0.294035 0.49084
0 0.834567 0.0582362 0.107197
0 0.827676 0.0779142 0.0944098
-1 0.354445 0.53865 0.106905
-1 0.233593 0.575918 0.190488
-1 0.157286 0.483672 0.359042
-1 0.223417 0.695297 0.081286
-1 0.149408 0.471855 0.378737
0 0.735193 0.0822637 0.182544
0 0.49745 0.438261 0.0642893
0 0.526942 0.249947 0.223111
0 0.983346 0.0112809 0.0053732
-1 0.267042 0.423753 0.309205
0 0.529208 0.0555225 0.41527
-1 0.181363 0.797153 0.0214834
1 0.164091 0.323258 0.512651
0 0.501959 0.0948771 0.403164
0 0.714321 0.170897 0.114781
1 0.159617 0.303183 0.537199
1 0.0806708 0.204279 0.71505
1 0.161147 0.334826 0.504027
1 0.0198063 0.079527 0.900667
1 0.223347 0.143965 0.632688
1 0.108265 0.248138 0.643598
0 0.48099 0.145849 0.373161
-1 0.110055 0.768634 0.121311
0 0.740488 0.105479 0.154032
-1 0.143132 0.499686 0.357182
0 0.753406 0.0921907 0.154403
0 0.67397 0.226387 0.0996426
1 0.132637 0.153836 0.713528
1 0.209838 0.146 0.644162
-1 0.112714 0.470443 0.416843
1 0.406309 0.104977 0.488715
0 0.732131 0.0646707 0.203198
1 0.110804 0.109261 0.779934
0 0.840202 0.0241797 0.135619
-1 0.0931263 0.771908 0.134965
0 0.615234 0.359349 0.0254177
-1 0.134608 0.745672 0.119719
1 0.228398 0.137678 0.633923
-1 0.202444 0.632856 0.1647
-1 0.199221 0.662226 0.138553
-1 0.320307 0.568956 0.110736
1 0.293644 0.24918 0.457175
-1 0.319283 0.370692 0.310025
1 0.179478 0.0733036 0.747218
1 0.241225 0.142488 0.616286
1 0.367723 0.17949 0.452787
1 0.289006 0.16887 0.542124
-1 0.267092 0.656041 0.0768674
1 0.0244339 0.0907298 0.884836
1 0.196196 0.34199 0.461815
0 0.631467 0.115573 0.25296
1 0.0919567 0.148902 0.759142
0 0.579289 0.262692 0.158018
0 0.612456 0.239985 0.147559
0 0.727439 0.17657 0.0959912
1 0.0613801 0.0307857 0.907834
-1 0.0834256 0.772948 0.143626
1 0.213334 0.207512 0.579154
-1 0.0889627 0.831915 0.0791224
-1 0.034464 0.49734 0.468196
-1 0.22175 0.689781 0.0884693
0 0.662078 0.184521 0.153401
1 0.332635 0.263085 0.40428
-1 0.173334 0.81561 0.0110558
-1 0.176843 0.531932 0.291225
1 0.190741 0.113579 0.69568
-1 0.158658 0.687175 0.154167
-1 0.101917 0.744976 0.153107
-1 0.063578 0.848487 0.0879352
1 0.0895555 0.0884836 0.821961
1 0.188174 0.256183 0.555643
0 0.661246 0.29997 0.0387839
0 0.574491 0.245598 0.179911
-1 0.271544 0.523256 0.2052
0 0.386652 0.260478 0.352871
0 0.74172 0.134954 0.123326
0 0.448031 0.165899 0.38607
0 0.932994 0.0123139 0.0546921
1 0.232407 0.28897 0.478622
-1 0.0279221 0.8057 0.166378
0 0.591823 0.1331 0.275077
-1 0.166904 0.555824 0.277272
1 0.424549 0.0662412 0.50921
0 0.684382 0.0673268 0.248292
0 0.438091 0.397312 0.164597
0 0.525052 0.103038 0.37191
-1 0.300958 0.607714 0.0913283
1 0.165354 0.356351 0.478295
1 0.0364843 0.103786 0.85973
1 0.179183 0.199514 0.621303
1 0.413135 0.168737 0.418128
-1 0.451774 0.531225 0.0170013
1 0.196851 0.333756 0.469393
-1 0.312447 0.531103 0.15645
-1 0.284402 0.534308 0.18129
0 0.853166 0.146091 0.000742658
-1 0.263629 0.474044 0.262327
-1 0.452031 0.529531 0.018438
1 0.222903 0.328404 0.448692
0 0.611338 0.245028 0.143634
-1 0.235064 0.488672 0.276265
-1 0.035172 0.88219 0.0826376
1 0.30346 0.103306 0.593233
0 0.749393 0.181337 0.0692702
1 0.0470739 0.330833 0.622094
0 0.541635 0.300492 0.157872
0 0.522718 0.112095 0.365187
-1 0.00605993 0.694801 0.299139
0 0.825828 0.0229577 0.151215
0 0.458729 0.205195 0.336075
1 0.146451 0.0808847 0.772664
-1 0.0788775 0.607068 0.314055
0 0.652111 0.0407947 0.307095
-1 0.456146 0.480699 0.0631552
1 0.299233 0.00815405 0.692613
-1 0.0809394 0.823664 0.0953962
0 0.741488 0.145862 0.112649
1 0.0979806 0.224091 0.677928
-1 0.335404 0.347683 0.316913
1 0.171623 0.187658 0.640718
0 0.966481 0.0288858 0.00463356
0 0.84562 0.0894745 0.0649054
0 0.662031 0.309381 0.0285876
1 0.0787812 0.0909555 0.830263
0 0.597105 0.167516 0.235379
-1 0.293906 0.514415 0.19168
-1 0.369176 0.37935 0.251474
0 0.671377 0.182612 0.146011
-1 0.203798 0.698618 0.0975841
0 0.772992 0.143753 0.0832543
1 0.114486 0.208998 0.676516
0 0.465441 0.0926878 0.441871
-1 0.0418081 0.802781 0.155411
0 0.754581 0.0543251 0.191094
1 0.202407 0.142018 0.655575
1 0.239964 0.134943 0.625093
0 0.429439 0.252841 0.31772
1 0.372393 0.0688729 0.558734
0 0.580041 0.240131 0.179828
0 0.984692 0.00272309 0.012585
1 0.0448277 0.0396467 0.915526
0 0.856326 0.0875438 0.0561299
0 0.717266 0.190381 0.0923527
0 0.935186 0.0152831 0.0495309
1 0.346516 0.295856 0.357628
-1 0.324497 0.663373 0.0121301
0 0.935858 0.0202119 0.0439298
1 0.4503 0.0585063 0.491194
0 0.682671 0.241442 0.0758877
-1 0.191597 0.463356 0.345046
1 0.260355 0.176857 0.562787
1 0.115571 0.209143 0.675286
1 0.0716344 0.19465 0.733716
0 0.740189 0.222154 0.0376575
-1 0.076409 0.487368 0.436223
0 0.569279 0.215349 0.215372
1 0.147853 0.282381 0.569765
1 0.440088 0.0846967 0.475215
0 0.52815 0.0210923 0.450758
0 0.969652 0.00896062 0.0213878
0 0.965784 0.00762534 0.0265912
0 0.610696 0.151699 0.237605
0 0.737025 0.0654207 0.197554
1 0.0332893 0.0470133 0.919697
0 0.830934 0.0527343 0.116331
0 0.742268 0.130795 0.126937
0 0.850504 0.0670825 0.0824135
1 0.120606 0.429879 0.449516
0 0.874888 0.0451221 0.0799896
-1 0.168531 0.436729 0.39474
0 0.451331 0.114218 0.434451
1 0.142449 0.35015 0.507401
1 0.424066 0.0479608 0.527974
1 0.162676 0.212798 0.624526
-1 0.269088 0.437247 0.293664
-1 0.103628 0.643476 0.252896
1 0.169157 0.203036 0.627807
1 0.294112 0.106311 0.599577
0 0.890439 0.0234095 0.0861517
0 0.740917 0.127308 0.131775
-1 0.390654 0.52753 0.0818162
1 0.0768602 0.454008 0.469131
0 0.780115 0.0817019 0.138183
0 0.582422 0.132868 0.28471
1 0.230702 0.367524 0.401774
-1 0.149987 0.72206 0.127953
1 0.306751 0.123004 0.570245
1 0.177295 0.0914839 0.731221
1 0.308907 0.205391 0.485702
1 0.224111 0.171589 0.6043
1 0.296033 0.2221 0.481866
0 0.551561 0.0838111 0.364628
1 0.217226 0.0637202 0.719054
0 0.594145 0.0927772 0.313078
0 0.617502 0.0558563 0.326642
1 0.442226 0.0323858 0.525388
1 0.367678 0.220757 0.411565
0 0.775146 0.106955 0.1179
1 0.289994 0.124883 0.585123
1 0.195852 0.134291 0.669857
1 0.330981 0.171818 0.497201
1 0.216235 0.193185 0.59058
1 0.449004 0.0822894 0.468706
-1 0.359051 0.401924 0.239025
