labels 1 0 -1
0 0.21064 0.565614 0.223746
0 0.210066 0.567898 0.222037
0 0.208292 0.571266 0.220442
0 0.215595 0.560623 0.223781
0 0.219783 0.55336 0.226857
0 0.224078 0.548565 0.227357
0 0.224575 0.548557 0.226868
0 0.237933 0.53074 0.231326
0 0.251233 0.511935 0.236832
0 0.256606 0.504088 0.239306
0 0.270384 0.484564 0.245051
0 0.279838 0.47057 0.249592
0 0.298694 0.441758 0.259548
0 0.312347 0.419475 0.268178
0 0.331568 0.39401 0.274423
0 0.348653 0.370859 0.280487
1 0.361487 0.351 0.287513
1 0.371782 0.333621 0.294598
1 0.360327 0.34968 0.289993
0 0.353754 0.361744 0.284502
0 0.343853 0.3789 0.277247
0 0.344526 0.379937 0.275536
0 0.338097 0.389622 0.272281
0 0.340451 0.388215 0.271333
0 0.339589 0.391333 0.269078
0 0.3172 0.423101 0.259699
0 0.297874 0.452691 0.249435
0 0.2751 0.484794 0.240106
0 0.267159 0.495117 0.237725
0 0.2584 0.508302 0.233298
0 0.25118 0.519514 0.229306
0 0.243761 0.53118 0.225059
0 0.238422 0.538884 0.222694
0 0.24053 0.535225 0.224246
0 0.238474 0.537601 0.223925
0 0.239426 0.536172 0.224403
0 0.235883 0.541449 0.222668
0 0.23194 0.546574 0.221486
0 0.22722 0.553353 0.219427
0 0.221441 0.561686 0.216873
0 0.225808 0.555421 0.218771
0 0.227642 0.552491 0.219868
0 0.226785 0.554053 0.219162
0 0.223983 0.558018 0.217999
0 0.216852 0.566969 0.216179
0 0.214548 0.569126 0.216326
0 0.214011 0.568874 0.217115
0 0.216503 0.565362 0.218136
0 0.217833 0.563958 0.218209
0 0.220258 0.560323 0.219419
0 0.216955 0.565249 0.217795
0 0.213302 0.570315 0.216383
0 0.217557 0.563203 0.21924
0 0.217047 0.561775 0.221177
0 0.218496 0.559282 0.222222
0 0.218326 0.559618 0.222056
0 0.214055 0.565057 0.220888
0 0.213682 0.565037 0.221281
0 0.214446 0.564562 0.220991
0 0.215293 0.564181 0.220526
0 0.221434 0.554419 0.224148
0 0.221944 0.552179 0.225878
0 0.22201 0.55564 0.22235
0 0.215466 0.567688 0.216847
0 0.220114 0.561593 0.218293
0 0.224611 0.555258 0.220131
0 0.228123 0.553459 0.218418
0 0.232332 0.547559 0.220109
0 0.245702 0.526903 0.227394
0 0.244829 0.527103 0.228068
0 0.241471 0.530095 0.228434
0 0.250277 0.516087 0.233636
0 0.25425 0.508725 0.237025
0 0.258953 0.501764 0.239284
0 0.260859 0.499665 0.239476
0 0.270872 0.48651 0.242618
0 0.275856 0.479477 0.244667
0 0.273134 0.481003 0.245863
0 0.283462 0.465849 0.250689
0 0.291978 0.455344 0.252678
0 0.301473 0.443231 0.255295
0 0.311358 0.428717 0.259925
0 0.320821 0.415729 0.26345
0 0.314473 0.42324 0.262287
0 0.313166 0.424017 0.262817
0 0.319201 0.41482 0.265979
0 0.307289 0.431119 0.261592
0 0.307335 0.430766 0.2619
0 0.309047 0.428399 0.262554
0 0.302481 0.438069 0.25945
0 0.309931 0.428458 0.261611
0 0.324363 0.408601 0.267036
0 0.317636 0.417911 0.264454
0 0.311663 0.42782 0.260517
0 0.318189 0.420243 0.261568
0 0.310934 0.428796 0.26027
0 0.313951 0.422735 0.263314
0 0.297031 0.447485 0.255484
0 0.275765 0.479701 0.244534
0 0.266656 0.495813 0.237531
0 0.263021 0.501708 0.235271
0 0.256393 0.511929 0.231678
0 0.263311 0.503198 0.233491
0 0.257858 0.510955 0.231187
0 0.25321 0.51742 0.22937
0 0.250166 0.522774 0.22706
0 0.242977 0.53214 0.224883
0 0.245457 0.528097 0.226446
0 0.242016 0.532369 0.225615
0 0.23998 0.534821 0.225199
0 0.237107 0.539634 0.223259
0 0.241182 0.533115 0.225703
0 0.24048 0.533529 0.225991
0 0.234705 0.542925 0.22237
0 0.228183 0.553452 0.218365
0 0.225874 0.5567 0.217425
0 0.230322 0.550134 0.219544
0 0.237481 0.539602 0.222917
0 0.243172 0.531993 0.224835
0 0.240709 0.536017 0.223274
0 0.23485 0.543859 0.221291
0 0.22959 0.551336 0.219073
0 0.22411 0.558808 0.217081
0 0.224586 0.55748 0.217933
0 0.226344 0.553814 0.219842
0 0.225475 0.554553 0.219972
0 0.224916 0.554937 0.220147
0 0.220364 0.560879 0.218758
0 0.219264 0.561974 0.218762
0 0.216067 0.567722 0.216211
0 0.21144 0.575564 0.212997
0 0.216188 0.568836 0.214976
0 0.217918 0.566459 0.215622
0 0.213177 0.574183 0.21264
0 0.213335 0.574196 0.212468
0 0.213027 0.574883 0.21209
0 0.21223 0.57527 0.2125
0 0.216818 0.568189 0.214993
0 0.217328 0.566279 0.216393
0 0.215756 0.567942 0.216302
0 0.21471 0.56881 0.21648
0 0.217796 0.562552 0.219652
0 0.215434 0.564212 0.220354
0 0.21123 0.570711 0.218058
0 0.206504 0.578561 0.214935
0 0.207347 0.57786 0.214793
0 0.215282 0.567306 0.217412
0 0.219891 0.562423 0.217686
0 0.216982 0.568246 0.214772
0 0.216685 0.568772 0.214544
0 0.222856 0.559428 0.217717
0 0.224962 0.553454 0.221584
0 0.230706 0.543118 0.226176
0 0.22853 0.547958 0.223512
0 0.233845 0.543487 0.222667
0 0.236595 0.539092 0.224313
0 0.245613 0.524832 0.229555
0 0.243513 0.528626 0.227862
0 0.239642 0.536296 0.224062
0 0.250055 0.523247 0.226699
0 0.256271 0.51479 0.228939
0 0.258612 0.510961 0.230428
0 0.252561 0.518474 0.228965
0 0.246028 0.527305 0.226667
0 0.237734 0.539156 0.22311
0 0.23096 0.548061 0.220978
0 0.230242 0.548176 0.221582
0 0.228945 0.550337 0.220718
0 0.227808 0.550927 0.221265
0 0.223735 0.555618 0.220647
0 0.217604 0.562376 0.220021
0 0.220284 0.557075 0.222641
0 0.218741 0.557157 0.224102
0 0.219318 0.556504 0.224178
0 0.216597 0.561448 0.221954
0 0.213191 0.566107 0.220702
0 0.213172 0.565846 0.220982
0 0.213613 0.565305 0.221082
0 0.215668 0.563236 0.221096
0 0.212627 0.567319 0.220055
0 0.213658 0.566225 0.220117
0 0.212812 0.569052 0.218136
0 0.217485 0.56246 0.220055
0 0.225096 0.549118 0.225786
0 0.224597 0.548694 0.226709
0 0.217129 0.562331 0.22054
0 0.217755 0.56439 0.217855
0 0.229013 0.547885 0.223102
0 0.239085 0.531085 0.22983
0 0.242472 0.524631 0.232896
0 0.243966 0.525313 0.230721
0 0.240103 0.534401 0.225496
0 0.241556 0.533089 0.225355
0 0.245937 0.526229 0.227834
0 0.240475 0.533875 0.22565
0 0.241215 0.532561 0.226224
0 0.248785 0.520791 0.230423
0 0.242773 0.529191 0.228036
0 0.234854 0.539833 0.225313
0 0.234307 0.540465 0.225228
0 0.228429 0.54713 0.22444
0 0.226085 0.550023 0.223891
0 0.222145 0.555597 0.222258
0 0.219939 0.559068 0.220993
0 0.221567 0.556675 0.221758
0 0.225514 0.550777 0.223709
0 0.227848 0.547496 0.224656
0 0.230052 0.543324 0.226625
0 0.23036 0.540636 0.229004
0 0.22963 0.541924 0.228446
0 0.222947 0.553401 0.223652
0 0.229389 0.545927 0.224684
0 0.23221 0.542586 0.225204
0 0.238133 0.536189 0.225678
0 0.244234 0.528289 0.227477
0 0.247848 0.522143 0.230009
0 0.258996 0.505562 0.235442
0 0.247515 0.521611 0.230875
0 0.248315 0.521666 0.230019
0 0.242483 0.529661 0.227856
0 0.238299 0.534417 0.227285
0 0.236091 0.537551 0.226357
0 0.235724 0.537718 0.226558
0 0.236476 0.53609 0.227434
0 0.231482 0.542715 0.225803
0 0.22858 0.546334 0.225086
0 0.224736 0.549734 0.225531
0 0.223384 0.549696 0.226919
0 0.221465 0.550616 0.227919
0 0.221273 0.550574 0.228152
0 0.216901 0.556833 0.226265
0 0.216534 0.558616 0.22485
0 0.216516 0.559307 0.224177
0 0.217184 0.558939 0.223877
0 0.219881 0.554906 0.225213
0 0.218244 0.55762 0.224137
0 0.215379 0.561783 0.222838
0 0.218164 0.557542 0.224294
0 0.217757 0.557334 0.224909
0 0.218731 0.556279 0.22499
0 0.21544 0.560289 0.22427
0 0.216065 0.559048 0.224887
0 0.215886 0.558428 0.225686
0 0.217307 0.555891 0.226801
0 0.220449 0.55041 0.22914
0 0.222915 0.545076 0.232008
0 0.226283 0.538868 0.234849
0 0.22131 0.546763 0.231926
0 0.214959 0.5578 0.227241
0 0.223854 0.547384 0.228762
0 0.224576 0.547486 0.227938
0 0.233954 0.537217 0.228829
0 0.246244 0.519722 0.234034
0 0.2479 0.51671 0.23539
0 0.241683 0.524736 0.23358
0 0.244702 0.521773 0.233525
0 0.242296 0.524065 0.233639
0 0.241582 0.522451 0.235967
0 0.244298 0.517684 0.238018
0 0.232606 0.536134 0.23126
0 0.226754 0.547791 0.225456
0 0.231697 0.541622 0.226681
0 0.237085 0.53291 0.230005
0 0.242294 0.525521 0.232185
0 0.250205 0.511835 0.23796
0 0.255884 0.499408 0.244708
0 0.254355 0.498834 0.246811
0 0.257318 0.495755 0.246927
0 0.258672 0.495755 0.245573
0 0.270098 0.480734 0.249168
0 0.279044 0.468201 0.252755
0 0.290042 0.452755 0.257202
0 0.305949 0.431813 0.262238
0 0.321672 0.407841 0.270487
0 0.342742 0.375526 0.281732
0 0.337086 0.380534 0.28238
0 0.32297 0.400813 0.276217
0 0.325923 0.39901 0.275067
0 0.323538 0.402901 0.273561
0 0.318991 0.409424 0.271585
0 0.317501 0.413882 0.268617
0 0.313735 0.420383 0.265882
0 0.311881 0.423503 0.264615
0 0.312114 0.423274 0.264612
0 0.304135 0.432723 0.263141
0 0.300729 0.435803 0.263468
0 0.308582 0.424668 0.26675
0 0.300637 0.434643 0.26472
0 0.307503 0.425061 0.267437
0 0.311504 0.42043 0.268066
0 0.31196 0.420374 0.267666
0 0.313865 0.418975 0.267161
0 0.31561 0.417306 0.267083
0 0.317875 0.415728 0.266397
0 0.319672 0.413241 0.267087
0 0.322308 0.408796 0.268896
0 0.31374 0.420828 0.265432
0 0.309318 0.427667 0.263014
0 0.295236 0.447955 0.256809
0 0.279894 0.47122 0.248886
0 0.271305 0.485079 0.243616
0 0.261692 0.497837 0.240471
0 0.256452 0.504583 0.238965
0 0.250536 0.511919 0.237545
0 0.252249 0.508049 0.239702
0 0.245535 0.516194 0.238271
0 0.240531 0.52174 0.237729
0 0.237021 0.526622 0.236357
0 0.232055 0.532616 0.235329
0 0.240909 0.520365 0.238726
0 0.23704 0.526809 0.236151
0 0.231885 0.538414 0.2297
0 0.231109 0.543463 0.225428
0 0.236376 0.536226 0.227398
0 0.245483 0.522025 0.232492
0 0.245604 0.519119 0.235276
0 0.244383 0.519909 0.235708
0 0.236931 0.529564 0.233504
0 0.239823 0.524248 0.235929
0 0.239284 0.522858 0.237858
0 0.230264 0.534023 0.235713
0 0.230222 0.535765 0.234014
0 0.223924 0.545285 0.230791
0 0.229812 0.537158 0.23303
0 0.236604 0.527691 0.235705
0 0.238791 0.525054 0.236155
0 0.239091 0.524031 0.236879
0 0.242955 0.517739 0.239307
0 0.244925 0.514372 0.240702
0 0.246947 0.510144 0.242909
0 0.25559 0.499105 0.245305
0 0.254666 0.501792 0.243541
0 0.268512 0.482732 0.248755
0 0.279644 0.466389 0.253967
0 0.290672 0.451378 0.257949
0 0.291623 0.449967 0.25841
0 0.304844 0.430744 0.264412
0 0.307897 0.426324 0.265779
0 0.296343 0.442222 0.261435
0 0.305607 0.431577 0.262816
0 0.305837 0.43277 0.261393
0 0.30448 0.435664 0.259857
0 0.299557 0.441053 0.25939
0 0.292205 0.450412 0.257383
0 0.271922 0.478149 0.249929
0 0.272461 0.476567 0.250972
0 0.271594 0.475571 0.252835
0 0.261788 0.486871 0.25134
0 0.260384 0.490646 0.248971
0 0.264694 0.487106 0.248199
0 0.276909 0.470393 0.252697
0 0.298775 0.437739 0.263486
0 0.308867 0.424353 0.26678
0 0.312808 0.419506 0.267686
0 0.333538 0.389816 0.276646
0 0.347751 0.366476 0.285773
1 0.358486 0.349652 0.291863
1 0.367025 0.337472 0.295503
1 0.368344 0.337462 0.294193
1 0.370013 0.337804 0.292184
1 0.364463 0.347954 0.287583
0 0.355907 0.360592 0.283501
0 0.353932 0.364341 0.281727
0 0.342562 0.381918 0.27552
0 0.324268 0.408932 0.266799
0 0.31398 0.425334 0.260686
0 0.304392 0.438703 0.256905
0 0.296771 0.447237 0.255992
0 0.286615 0.459823 0.253563
0 0.275477 0.474841 0.249683
0 0.262294 0.495305 0.242401
0 0.259252 0.500496 0.240252
0 0.262725 0.496016 0.241259
0 0.262062 0.496459 0.241478
0 0.267197 0.490898 0.241905
0 0.260087 0.501915 0.237998
0 0.272893 0.48391 0.243197
0 0.270051 0.486556 0.243393
0 0.262666 0.495638 0.241696
0 0.255442 0.50665 0.237908
0 0.255796 0.504729 0.239476
0 0.256818 0.502014 0.241168
0 0.25559 0.502812 0.241598
0 0.255768 0.50411 0.240122
0 0.256896 0.502292 0.240812
0 0.279838 0.469541 0.25062
0 0.293708 0.447768 0.258525
0 0.313201 0.418473 0.268326
0 0.324316 0.399391 0.276292
0 0.340528 0.37446 0.285012
0 0.351492 0.356399 0.292108
1 0.359716 0.343056 0.297228
1 0.372164 0.324292 0.303544
1 0.378967 0.316906 0.304127
1 0.39109 0.300599 0.308311
1 0.398749 0.28692 0.314331
1 0.397764 0.28582 0.316416
1 0.386325 0.302514 0.311161
1 0.374837 0.31802 0.307143
1 0.369598 0.326086 0.304316
1 0.367485 0.330802 0.301713
1 0.367806 0.332796 0.299398
1 0.356638 0.352234 0.291129
0 0.346098 0.370446 0.283456
0 0.342275 0.377115 0.28061
0 0.333678 0.389121 0.277201
0 0.33094 0.392011 0.277049
0 0.329106 0.393992 0.276902
0 0.314869 0.412967 0.272164
0 0.303546 0.430501 0.265953
0 0.286129 0.458186 0.255686
0 0.288005 0.455983 0.256011
0 0.297323 0.442123 0.260554
0 0.293845 0.445409 0.260746
0 0.280571 0.464668 0.254761
0 0.278243 0.46997 0.251787
0 0.278812 0.468956 0.252232
0 0.280719 0.465789 0.253492
0 0.293935 0.447408 0.258658
0 0.294194 0.447207 0.2586
0 0.302977 0.433617 0.263406
0 0.300652 0.43655 0.262798
0 0.291557 0.449371 0.259072
0 0.279354 0.468438 0.252208
0 0.282978 0.462893 0.254129
0 0.293022 0.447626 0.259352
0 0.292403 0.449266 0.258331
0 0.30283 0.435028 0.262143
0 0.298793 0.441815 0.259391
0 0.293092 0.450553 0.256356
0 0.277973 0.47387 0.248157
0 0.272918 0.482346 0.244736
0 0.268494 0.48996 0.241546
0 0.267103 0.493653 0.239244
0 0.264726 0.498426 0.236848
0 0.260292 0.505695 0.234013
0 0.257499 0.510511 0.23199
0 0.256173 0.511623 0.232204
0 0.251691 0.518052 0.230257
0 0.235593 0.541545 0.222861
0 0.22817 0.553563 0.218267
0 0.220069 0.565999 0.213931
0 0.225325 0.55861 0.216065
0 0.229639 0.551675 0.218686
0 0.228729 0.552021 0.219251
0 0.224476 0.556967 0.218558
0 0.223364 0.556789 0.219848
0 0.226669 0.551173 0.222157
0 0.220257 0.559455 0.220287
0 0.221582 0.556799 0.221619
0 0.217924 0.56261 0.219465
0 0.215899 0.566081 0.21802
0 0.226541 0.550369 0.22309
0 0.230473 0.544767 0.22476
0 0.226136 0.55029 0.223574
0 0.225532 0.55225 0.222219
0 0.227041 0.551905 0.221054
0 0.230608 0.54653 0.222863
0 0.242919 0.527508 0.229574
0 0.250654 0.516672 0.232674
0 0.252277 0.513378 0.234346
0 0.270119 0.487733 0.242148
0 0.27774 0.475315 0.246945
0 0.280709 0.468855 0.250436
0 0.281128 0.467924 0.250947
0 0.286981 0.459479 0.25354
0 0.293994 0.450227 0.25578
0 0.288476 0.458407 0.253117
0 0.298766 0.444414 0.256819
0 0.300251 0.444744 0.255005
0 0.306068 0.437006 0.256926
0 0.302243 0.442601 0.255156
0 0.299733 0.44575 0.254517
0 0.286671 0.464473 0.248856
0 0.275017 0.481173 0.24381
0 0.274662 0.481076 0.244262
0 0.260848 0.500975 0.238177
0 0.265167 0.495374 0.239459
0 0.264836 0.495542 0.239622
0 0.272788 0.483705 0.243507
0 0.269361 0.488561 0.242078
0 0.255529 0.508782 0.235689
0 0.253946 0.51277 0.233283
0 0.244581 0.52856 0.226859
0 0.247043 0.525269 0.227688
0 0.251666 0.520097 0.228237
0 0.254996 0.517303 0.227701
0 0.250304 0.52489 0.224806
0 0.24813 0.528604 0.223266
0 0.245758 0.531574 0.222668
0 0.234385 0.546984 0.218631
0 0.230222 0.552456 0.217322
0 0.221342 0.56544 0.213218
0 0.219323 0.568068 0.212608
0 0.222619 0.563096 0.214285
0 0.222777 0.562988 0.214235
0 0.222269 0.564191 0.21354
0 0.217735 0.570517 0.211749
0 0.218523 0.568506 0.212971
0 0.222481 0.562315 0.215205
0 0.219797 0.565537 0.214666
0 0.217845 0.567304 0.214851
0 0.211097 0.577164 0.211739
0 0.209477 0.578681 0.211842
0 0.212658 0.573695 0.213647
0 0.213253 0.572378 0.214368
0 0.216548 0.567991 0.215461
0 0.215955 0.567459 0.216586
0 0.216136 0.5656 0.218264
0 0.214167 0.567346 0.218487
0 0.214351 0.565844 0.219805
0 0.21383 0.56507 0.2211
0 0.212337 0.565755 0.221908
0 0.215388 0.560764 0.223847
0 0.217668 0.556235 0.226097
0 0.218436 0.554688 0.226876
0 0.215897 0.558147 0.225955
0 0.214503 0.560885 0.224612
0 0.213636 0.560941 0.225422
0 0.21564 0.55791 0.22645
0 0.210264 0.564968 0.224768
0 0.212056 0.562925 0.225019
0 0.211283 0.563369 0.225348
0 0.211058 0.564502 0.22444
0 0.212492 0.563483 0.224025
0 0.210324 0.567589 0.222088
0 0.211007 0.566911 0.222083
0 0.216049 0.56037 0.223581
0 0.217633 0.557948 0.224418
0 0.217432 0.557271 0.225298
0 0.213216 0.562758 0.224027
0 0.21049 0.567655 0.221855
0 0.210916 0.568274 0.22081
0 0.212984 0.566502 0.220513
0 0.217689 0.561333 0.220978
0 0.22 0.561822 0.218178
0 0.222642 0.561032 0.216326
0 0.228548 0.551758 0.219693
0 0.23476 0.540575 0.224664
0 0.231555 0.543348 0.225098
0 0.221991 0.556437 0.221572
0 0.223575 0.55589 0.220535
0 0.225991 0.553015 0.220994
0 0.225364 0.553187 0.221449
0 0.231338 0.544296 0.224365
0 0.239537 0.534054 0.226409
0 0.23437 0.5409 0.22473
0 0.244935 0.524433 0.230632
0 0.253988 0.51126 0.234753
0 0.253714 0.511323 0.234962
0 0.260013 0.500913 0.239075
0 0.277572 0.475938 0.246491
0 0.277855 0.475681 0.246464
0 0.280348 0.471583 0.248069
0 0.294075 0.452095 0.25383
0 0.28408 0.46534 0.25058
0 0.292403 0.455342 0.252254
0 0.303155 0.441302 0.255543
0 0.305921 0.436714 0.257366
0 0.307647 0.434126 0.258226
0 0.312567 0.428647 0.258786
0 0.305934 0.437234 0.256832
0 0.303756 0.439586 0.256658
0 0.296839 0.448813 0.254348
0 0.286966 0.462722 0.250312
0 0.290782 0.457962 0.251256
0 0.294747 0.45134 0.253913
0 0.278349 0.474425 0.247226
0 0.274208 0.483514 0.242278
0 0.271541 0.490308 0.238151
0 0.285395 0.470027 0.244578
0 0.290866 0.460799 0.248335
0 0.286423 0.465454 0.248123
0 0.278213 0.477952 0.243836
0 0.276318 0.481165 0.242518
0 0.274582 0.483046 0.242372
0 0.265253 0.494993 0.239754
0 0.2723 0.485491 0.242209
0 0.266431 0.493851 0.239718
0 0.282946 0.470165 0.246889
0 0.283461 0.468358 0.248181
0 0.284698 0.465265 0.250037
0 0.291663 0.454494 0.253844
0 0.298755 0.444876 0.25637
0 0.307225 0.430937 0.261838
0 0.305222 0.433061 0.261717
0 0.294578 0.450009 0.255413
0 0.289891 0.459227 0.250882
0 0.293833 0.455329 0.250838
0 0.301037 0.443066 0.255897
0 0.31165 0.4269 0.261451
0 0.306285 0.433424 0.260291
0 0.297592 0.446258 0.25615
0 0.289856 0.460562 0.249582
0 0.285556 0.466214 0.24823
0 0.269739 0.487429 0.242832
0 0.274204 0.481054 0.244742
0 0.269283 0.489164 0.241553
0 0.267387 0.492445 0.240168
0 0.265967 0.495507 0.238527
0 0.257182 0.508984 0.233834
0 0.251809 0.517359 0.230832
0 0.24645 0.52609 0.22746
0 0.256019 0.513153 0.230828
0 0.256134 0.513671 0.230194
0 0.260345 0.50673 0.232925
0 0.257294 0.511121 0.231585
0 0.245496 0.527756 0.226748
0 0.237612 0.538785 0.223603
0 0.228771 0.551274 0.219954
0 0.228183 0.552495 0.219322
0 0.222996 0.56142 0.215584
0 0.225724 0.558299 0.215978
0 0.230264 0.551873 0.217863
0 0.234424 0.546622 0.218954
0 0.236282 0.544063 0.219656
0 0.235384 0.545199 0.219416
0 0.232987 0.547504 0.219508
0 0.232215 0.547436 0.220349
0 0.230655 0.549123 0.220222
0 0.228452 0.550311 0.221237
0 0.224951 0.555334 0.219715
0 0.226277 0.554305 0.219418
0 0.229409 0.551195 0.219396
0 0.233658 0.544973 0.221369
0 0.2448 0.528908 0.226291
0 0.247348 0.524794 0.227857
0 0.254189 0.514332 0.231479
0 0.255862 0.512432 0.231706
0 0.245897 0.526235 0.227868
0 0.239496 0.536379 0.224125
0 0.239004 0.539306 0.22169
0 0.242606 0.534098 0.223296
0 0.252225 0.520981 0.226794
0 0.25334 0.52088 0.22578
0 0.248951 0.527393 0.223656
0 0.240215 0.540061 0.219724
0 0.229068 0.553908 0.217024
0 0.221297 0.563431 0.215272
0 0.220103 0.563425 0.216472
0 0.220726 0.561143 0.21813
0 0.221793 0.55853 0.219676
0 0.221403 0.557901 0.220696
0 0.218963 0.560584 0.220453
0 0.218196 0.561562 0.220242
0 0.216096 0.563662 0.220242
0 0.214899 0.56428 0.220821
0 0.212057 0.568674 0.219269
0 0.212096 0.568524 0.21938
0 0.212713 0.567903 0.219383
0 0.213948 0.567101 0.218951
0 0.215847 0.56548 0.218673
0 0.214953 0.567118 0.217928
0 0.214322 0.569876 0.215802
0 0.211621 0.574521 0.213859
0 0.215158 0.571011 0.213831
0 0.221296 0.563509 0.215194
0 0.224325 0.559259 0.216416
0 0.223089 0.559519 0.217392
0 0.2253 0.558994 0.215705
0 0.222228 0.567051 0.210721
0 0.223921 0.565435 0.210644
0 0.229121 0.555674 0.215206
0 0.223584 0.562395 0.214021
0 0.221761 0.564919 0.21332
0 0.225458 0.559586 0.214955
0 0.223513 0.559994 0.216494
0 0.22075 0.562324 0.216925
0 0.218242 0.564461 0.217297
0 0.216698 0.564809 0.218493
0 0.214031 0.566855 0.219114
0 0.214498 0.564809 0.220692
0 0.21379 0.564878 0.221333
0 0.212946 0.565348 0.221706
0 0.2112 0.568527 0.220273
0 0.207178 0.575597 0.217225
0 0.212205 0.569965 0.21783
0 0.213701 0.569558 0.216741
0 0.215021 0.569682 0.215297
0 0.222071 0.559932 0.217997
0 0.225587 0.555192 0.219221
0 0.233043 0.543271 0.223686
0 0.238111 0.535637 0.226252
0 0.244217 0.527976 0.227807
0 0.245797 0.526522 0.227681
0 0.251752 0.519217 0.229032
0 0.253963 0.515529 0.230508
0 0.261741 0.502931 0.235328
0 0.274311 0.4844 0.24129
0 0.2839 0.470161 0.245939
0 0.291409 0.460892 0.247699
0 0.298214 0.451842 0.249944
0 0.304718 0.441528 0.253754
0 0.300318 0.445134 0.254548
0 0.297353 0.448108 0.254539
0 0.300635 0.444872 0.254493
0 0.29725 0.450439 0.25231
0 0.297215 0.45092 0.251865
0 0.302792 0.44426 0.252949
0 0.29007 0.462954 0.246976
0 0.290441 0.464341 0.245219
0 0.295691 0.459317 0.244992
0 0.280451 0.479438 0.240111
0 0.27722 0.484376 0.238404
0 0.283546 0.476745 0.239708
0 0.273711 0.488528 0.237761
0 0.271173 0.491213 0.237614
0 0.266931 0.498599 0.23447
0 0.25388 0.516522 0.229598
0 0.248233 0.524463 0.227304
0 0.257312 0.511418 0.23127
0 0.251896 0.518804 0.229299
0 0.23816 0.538539 0.223301
0 0.238983 0.538928 0.222089
0 0.231832 0.551206 0.216962
0 0.232036 0.550231 0.217733
0 0.238404 0.5404 0.221196
0 0.236566 0.542232 0.221202
0 0.231158 0.549532 0.21931
0 0.228707 0.552641 0.218652
0 0.226502 0.553954 0.219544
0 0.22149 0.559205 0.219305
0 0.220009 0.560121 0.219871
0 0.218747 0.561059 0.220194
0 0.218639 0.560627 0.220734
0 0.216685 0.562363 0.220953
0 0.215254 0.56389 0.220855
0 0.212232 0.567668 0.2201
0 0.214839 0.564081 0.221081
0 0.216231 0.561278 0.222491
0 0.21694 0.560747 0.222313
0 0.213316 0.567133 0.219551
0 0.21217 0.570202 0.217628
0 0.215728 0.564703 0.219569
0 0.222188 0.556978 0.220834
0 0.214029 0.572869 0.213102
0 0.21712 0.57161 0.21127
0 0.220472 0.567371 0.212157
0 0.219428 0.568113 0.21246
0 0.223941 0.562349 0.213709
0 0.225821 0.560539 0.21364
0 0.227147 0.55875 0.214103
0 0.226714 0.558961 0.214325
0 0.228568 0.554726 0.216705
0 0.221538 0.562794 0.215669
0 0.214792 0.57225 0.212958
0 0.212286 0.57558 0.212135
0 0.209268 0.577676 0.213056
0 0.215092 0.567489 0.217419
0 0.220041 0.559928 0.220031
0 0.221905 0.557338 0.220757
0 0.218882 0.562157 0.218961
0 0.217912 0.563849 0.218239
0 0.217324 0.56629 0.216386
0 0.218139 0.564842 0.217019
0 0.227699 0.551513 0.220788
0 0.230373 0.546634 0.222993
0 0.230813 0.546875 0.222312
0 0.228227 0.5522 0.219574
0 0.231481 0.549274 0.219245
0 0.226394 0.556069 0.217537
0 0.232913 0.545931 0.221156
0 0.230939 0.548174 0.220887
0 0.230361 0.549133 0.220506
0 0.230327 0.549449 0.220224
0 0.228542 0.550679 0.220779
0 0.225915 0.553946 0.220139
0 0.221045 0.559875 0.21908
0 0.221505 0.558953 0.219542
0 0.221684 0.558382 0.219935
0 0.222927 0.555914 0.221159
0 0.222834 0.556332 0.220834
0 0.218958 0.562049 0.218993
0 0.220869 0.558729 0.220402
0 0.219798 0.559835 0.220367
0 0.220901 0.560333 0.218766
0 0.215389 0.570636 0.213975
0 0.219129 0.565953 0.214917
0 0.223228 0.561037 0.215735
0 0.217022 0.571279 0.2117
0 0.222173 0.564258 0.213569
0 0.226781 0.556617 0.216602
0 0.225784 0.557514 0.216702
0 0.227774 0.553587 0.218638
0 0.232566 0.545793 0.221641
0 0.2318 0.545169 0.223031
0 0.230468 0.546001 0.223531
0 0.233752 0.540969 0.225279
0 0.234412 0.540928 0.22466
0 0.238226 0.53643 0.225343
0 0.242475 0.531072 0.226454
0 0.247144 0.524997 0.227859
0 0.247525 0.525725 0.22675
0 0.250654 0.521141 0.228206
0 0.254735 0.515337 0.229928
0 0.252983 0.518328 0.228689
0 0.257139 0.514743 0.228117
0 0.25174 0.522211 0.226048
0 0.265121 0.502684 0.232195
0 0.257705 0.510306 0.231989
0 0.255993 0.510468 0.233539
0 0.246463 0.525695 0.227842
0 0.237861 0.540155 0.221984
0 0.235024 0.544479 0.220496
0 0.240507 0.535078 0.224415
0 0.245724 0.526987 0.22729
0 0.24738 0.524683 0.227937
0 0.241095 0.534469 0.224436
0 0.244502 0.529571 0.225927
0 0.246321 0.52763 0.226049
0 0.236548 0.540534 0.222918
0 0.243365 0.531206 0.225429
0 0.242895 0.531589 0.225515
0 0.235245 0.541545 0.223209
0 0.230961 0.547967 0.221072
0 0.229943 0.548512 0.221545
0 0.222506 0.557415 0.220079
0 0.222208 0.5579 0.219892
0 0.224738 0.553546 0.221715
0 0.221523 0.55627 0.222207
0 0.219796 0.557449 0.222755
0 0.218674 0.557471 0.223855
0 0.217429 0.557715 0.224856
0 0.217655 0.556645 0.2257
0 0.217323 0.555896 0.226781
0 0.212999 0.561416 0.225585
0 0.208024 0.568732 0.223244
0 0.210315 0.565539 0.224147
0 0.212007 0.562053 0.22594
0 0.214938 0.558547 0.226516
0 0.216162 0.557577 0.226261
0 0.214516 0.559349 0.226135
0 0.215481 0.556401 0.228118
0 0.218272 0.554545 0.227182
0 0.209081 0.570635 0.220284
0 0.219918 0.557889 0.222192
0 0.226781 0.547527 0.225691
0 0.235544 0.535335 0.229121
0 0.239411 0.530195 0.230394
0 0.247927 0.519074 0.232999
0 0.25604 0.506694 0.237266
0 0.260151 0.500168 0.23968
0 0.260894 0.499428 0.239678
0 0.263504 0.496063 0.240433
0 0.28113 0.472741 0.246129
0 0.286507 0.462186 0.251307
0 0.295807 0.446589 0.257604
0 0.296834 0.446387 0.256779
0 0.291657 0.456533 0.251811
0 0.310528 0.430714 0.258757
0 0.322286 0.411444 0.266269
0 0.324893 0.404243 0.270864
0 0.335434 0.390676 0.27389
0 0.33942 0.386196 0.274383
0 0.336337 0.390351 0.273312
0 0.321427 0.409759 0.268813
0 0.309996 0.426046 0.263959
0 0.304944 0.435665 0.25939
0 0.324425 0.41226 0.263315
0 0.324054 0.413995 0.261951
0 0.313416 0.429451 0.257133
0 0.307405 0.438399 0.254196
0 0.284006 0.470465 0.245529
0 0.27168 0.486778 0.241543
0 0.258211 0.506114 0.235675
0 0.245655 0.524182 0.230162
0 0.243268 0.529298 0.227434
0 0.243911 0.527834 0.228255
0 0.245283 0.525267 0.22945
0 0.243251 0.527794 0.228955
0 0.24589 0.523592 0.230518
0 0.242904 0.525455 0.231641
0 0.236778 0.532797 0.230426
0 0.224792 0.550624 0.224584
0 0.220937 0.55777 0.221292
0 0.226468 0.549858 0.223675
0 0.236008 0.536922 0.22707
0 0.231974 0.545231 0.222795
0 0.23481 0.541618 0.223572
0 0.235295 0.540321 0.224384
0 0.235096 0.539026 0.225879
0 0.235165 0.538114 0.226722
0 0.238605 0.533059 0.228336
0 0.246517 0.521995 0.231488
0 0.254881 0.50802 0.237099
0 0.266539 0.49134 0.242121
0 0.260945 0.500021 0.239034
0 0.258782 0.504453 0.236766
0 0.265337 0.495643 0.23902
0 0.271763 0.485533 0.242704
0 0.270576 0.484939 0.244485
0 0.282222 0.468639 0.249138
0 0.294144 0.453356 0.2525
0 0.29091 0.458038 0.251052
0 0.296683 0.449905 0.253412
0 0.287453 0.463438 0.249109
0 0.282427 0.471351 0.246222
0 0.280598 0.474963 0.244439
0 0.272724 0.486034 0.241242
0 0.261645 0.502753 0.235602
0 0.254454 0.514632 0.230914
0 0.255872 0.513309 0.230818
0 0.258226 0.510076 0.231698
0 0.254621 0.514854 0.230525
0 0.246903 0.525824 0.227273
0 0.242497 0.531706 0.225797
0 0.237217 0.537508 0.225276
0 0.231049 0.543841 0.22511
0 0.227096 0.547297 0.225608
0 0.225992 0.547482 0.226526
0 0.224546 0.548957 0.226497
0 0.223234 0.550537 0.226229
0 0.220955 0.554622 0.224422
0 0.217014 0.561054 0.221932
0 0.218842 0.558923 0.222235
0 0.221476 0.555095 0.223429
0 0.222609 0.553857 0.223534
0 0.222825 0.553241 0.223933
0 0.222633 0.552692 0.224675
0 0.224482 0.550088 0.22543
0 0.21789 0.560234 0.221876
0 0.216997 0.56354 0.219463
0 0.215224 0.568409 0.216368
0 0.217142 0.567208 0.21565
0 0.221408 0.562417 0.216174
0 0.22257 0.559654 0.217775
0 0.233824 0.543303 0.222873
0 0.228313 0.550353 0.221334
0 0.227658 0.550856 0.221486
0 0.222353 0.556918 0.220729
0 0.220738 0.557918 0.221344
0 0.21663 0.563792 0.219578
0 0.211824 0.571427 0.216749
0 0.219139 0.56293 0.217931
0 0.217139 0.565835 0.217026
0 0.223101 0.557978 0.21892
0 0.223519 0.556736 0.219745
0 0.22816 0.548449 0.223391
0 0.221715 0.556968 0.221318
0 0.218002 0.562466 0.219532
0 0.218237 0.56374 0.218024
0 0.215856 0.567474 0.21667
0 0.227104 0.552357 0.22054
0 0.232302 0.543067 0.224631
0 0.239027 0.532119 0.228854
0 0.236325 0.534127 0.229548
0 0.239969 0.529878 0.230153
0 0.242606 0.526782 0.230612
0 0.250178 0.516582 0.23324
0 0.257371 0.506282 0.236348
0 0.270977 0.487204 0.241819
0 0.275755 0.479921 0.244324
0 0.280949 0.47118 0.247871
0 0.288396 0.461079 0.250525
0 0.27961 0.474011 0.246379
0 0.285692 0.46734 0.246969
0 0.304648 0.441677 0.253675
0 0.308876 0.433792 0.257332
0 0.296091 0.450502 0.253407
0 0.285977 0.468986 0.245037
0 0.265658 0.500614 0.233728
0 0.257426 0.512741 0.229833
0 0.256805 0.51269 0.230505
0 0.250412 0.521556 0.228031
0 0.247475 0.526123 0.226403
0 0.246553 0.526886 0.226561
0 0.243034 0.530813 0.226154
0 0.233586 0.542464 0.22395
0 0.227848 0.548693 0.223459
0 0.225083 0.551717 0.2232
0 0.220061 0.558186 0.221753
0 0.222049 0.554528 0.223424
0 0.225479 0.54876 0.225761
0 0.229758 0.543073 0.227169
0 0.226212 0.548908 0.22488
0 0.229805 0.544414 0.225781
0 0.230143 0.545036 0.22482
0 0.228897 0.548439 0.222664
0 0.230379 0.548346 0.221274
0 0.231104 0.54802 0.220876
0 0.237747 0.539744 0.222509
0 0.241073 0.534907 0.22402
0 0.244832 0.529457 0.225711
0 0.238228 0.538266 0.223506
0 0.237132 0.540492 0.222376
0 0.230357 0.548655 0.220988
0 0.229569 0.547999 0.222433
0 0.227723 0.548069 0.224208
0 0.224551 0.55078 0.224669
0 0.217824 0.560653 0.221523
0 0.212949 0.568159 0.218892
0 0.214371 0.56521 0.22042
0 0.220048 0.556152 0.223801
0 0.226895 0.548205 0.2249
0 0.218579 0.562238 0.219182
0 0.224736 0.555027 0.220237
0 0.231157 0.545633 0.22321
0 0.230265 0.546221 0.223514
0 0.233663 0.540707 0.22563
0 0.233288 0.541301 0.225412
0 0.233776 0.540762 0.225462
0 0.231691 0.543 0.22531
0 0.241828 0.527614 0.230558
0 0.245393 0.52081 0.233797
0 0.247238 0.515893 0.236869
0 0.254216 0.507284 0.2385
0 0.250588 0.515058 0.234354
0 0.251462 0.515969 0.232569
0 0.255556 0.509396 0.235049
0 0.268018 0.492882 0.239101
0 0.263658 0.499875 0.236466
0 0.276305 0.483942 0.239754
0 0.279421 0.479775 0.240804
0 0.270628 0.491459 0.237913
0 0.268301 0.494226 0.237473
0 0.257348 0.508619 0.234033
0 0.253747 0.513431 0.232822
0 0.24302 0.529584 0.227397
0 0.236004 0.539543 0.224453
0 0.235904 0.54002 0.224076
0 0.234863 0.540107 0.225029
0 0.235739 0.538654 0.225607
0 0.23411 0.540398 0.225493
0 0.231652 0.544541 0.223808
0 0.222723 0.557314 0.219963
0 0.224878 0.55388 0.221242
0 0.228574 0.546798 0.224628
0 0.231385 0.542329 0.226286
0 0.225636 0.550985 0.223379
0 0.225762 0.550748 0.22349
0 0.226596 0.549572 0.223833
0 0.221936 0.5556 0.222464
0 0.228086 0.546939 0.224975
0 0.229055 0.544469 0.226475
0 0.234485 0.536618 0.228897
0 0.237627 0.531689 0.230685
0 0.236605 0.535759 0.227636
0 0.22767 0.550883 0.221446
0 0.233313 0.544272 0.222416
0 0.240564 0.532542 0.226894
0 0.241632 0.530192 0.228176
0 0.243361 0.527546 0.229093
0 0.245434 0.524884 0.229682
0 0.238884 0.533326 0.22779
0 0.23631 0.536014 0.227676
0 0.231243 0.541879 0.226878
0 0.228416 0.5454 0.226184
0 0.226349 0.547746 0.225905
0 0.225398 0.547824 0.226778
0 0.225613 0.545839 0.228548
0 0.224679 0.545788 0.229534
0 0.221763 0.550878 0.227359
0 0.218398 0.557116 0.224485
0 0.218901 0.556694 0.224406
0 0.225283 0.547008 0.227709
0 0.227529 0.54538 0.227091
0 0.221942 0.555006 0.223052
0 0.223751 0.552994 0.223255
0 0.233866 0.53641 0.229724
0 0.233608 0.535001 0.231392
0 0.232626 0.535248 0.232126
0 0.241164 0.524847 0.233989
0 0.230552 0.539395 0.230053
0 0.246917 0.517184 0.235899
0 0.247847 0.515311 0.236842
0 0.251257 0.512701 0.236042
0 0.25577 0.507187 0.237043
0 0.268419 0.488586 0.242996
0 0.26817 0.487561 0.244269
0 0.264731 0.491226 0.244044
0 0.265266 0.490954 0.24378
0 0.255988 0.504816 0.239196
0 0.255089 0.509013 0.235897
0 0.25529 0.509032 0.235678
0 0.260764 0.501321 0.237916
0 0.258571 0.504142 0.237286
0 0.249264 0.517054 0.233682
0 0.246085 0.522107 0.231808
0 0.241354 0.529417 0.229229
0 0.234809 0.538212 0.226978
0 0.240275 0.530225 0.2295
0 0.239545 0.52949 0.230964
0 0.2362 0.532783 0.231017
0 0.230727 0.539286 0.229987
0 0.231021 0.538067 0.230912
0 0.224395 0.545806 0.229798
0 0.221539 0.549672 0.228789
0 0.222139 0.549516 0.228346
0 0.223207 0.548287 0.228506
0 0.223513 0.548619 0.227868
0 0.225318 0.546871 0.227811
0 0.227551 0.543491 0.228958
0 0.228232 0.54168 0.230087
0 0.227748 0.541839 0.230413
0 0.22535 0.544971 0.22968
0 0.224001 0.546289 0.22971
0 0.226114 0.540931 0.232955
0 0.229237 0.534138 0.236625
0 0.230647 0.532357 0.236996
0 0.22475 0.542925 0.232324
0 0.223586 0.547395 0.229019
0 0.235046 0.532281 0.232674
0 0.239266 0.528079 0.232655
0 0.239274 0.529629 0.231098
0 0.249042 0.516501 0.234457
0 0.245775 0.518111 0.236114
0 0.248509 0.511404 0.240086
0 0.244429 0.514633 0.240938
0 0.239396 0.520279 0.240325
0 0.233171 0.528244 0.238585
0 0.228901 0.533829 0.23727
0 0.226256 0.536616 0.237127
0 0.225469 0.535713 0.238818
0 0.224567 0.534332 0.241101
0 0.228554 0.529008 0.242438
0 0.226703 0.530989 0.242308
0 0.23496 0.519334 0.245705
0 0.239223 0.513583 0.247194
0 0.238545 0.519495 0.24196
0 0.237916 0.524655 0.237429
0 0.252766 0.504678 0.242557
0 0.263706 0.487624 0.248669
0 0.273565 0.472427 0.254008
0 0.274268 0.471468 0.254264
0 0.283947 0.458389 0.257665
0 0.292021 0.446233 0.261746
0 0.296316 0.437154 0.26653
0 0.31124 0.41644 0.272319
0 0.309015 0.418985 0.272
0 0.327676 0.394285 0.278039
0 0.340843 0.374951 0.284206
0 0.34008 0.376325 0.283595
0 0.345561 0.369095 0.285343
0 0.348284 0.365727 0.285989
0 0.350759 0.364177 0.285064
0 0.35222 0.36438 0.2834
1 0.360323 0.354154 0.285523
0 0.351657 0.366099 0.282244
0 0.341856 0.381035 0.277109
0 0.326059 0.403521 0.27042
0 0.299311 0.440236 0.260453
0 0.296546 0.445563 0.257891
0 0.280758 0.467825 0.251416
0 0.265737 0.489613 0.24465
0 0.265317 0.491195 0.243487
0 0.2597 0.497365 0.242935
0 0.248123 0.512747 0.239129
0 0.24805 0.512353 0.239598
0 0.245187 0.513976 0.240837
0 0.242567 0.515239 0.242194
0 0.241477 0.516673 0.24185
0 0.233104 0.528054 0.238842
0 0.24035 0.518996 0.240653
0 0.246435 0.510662 0.242903
0 0.261038 0.491806 0.247156
0 0.274261 0.473468 0.252271
0 0.288946 0.452629 0.258425
0 0.298139 0.438187 0.263674
0 0.305612 0.425529 0.26886
0 0.315613 0.411523 0.272865
0 0.331138 0.39032 0.278542
0 0.34757 0.366048 0.286381
1 0.362472 0.343938 0.29359
1 0.374163 0.327925 0.297912
1 0.373935 0.3277 0.298365
1 0.380119 0.3179 0.301981
1 0.383719 0.312327 0.303955
1 0.377174 0.320186 0.30264
1 0.374591 0.323714 0.301695
1 0.371914 0.3296 0.298486
1 0.372559 0.331209 0.296231
1 0.372409 0.333116 0.294474
1 0.379754 0.322792 0.297454
1 0.379855 0.322197 0.297949
1 0.382472 0.317887 0.299641
1 0.370207 0.334452 0.295341
1 0.3711 0.332331 0.29657
1 0.373535 0.328854 0.29761
1 0.367491 0.336239 0.29627
1 0.364823 0.340163 0.295014
1 0.374182 0.327037 0.298781
1 0.371223 0.332153 0.296625
1 0.367427 0.337566 0.295007
1 0.384048 0.315649 0.300303
1 0.382106 0.318744 0.29915
1 0.376059 0.329751 0.29419
1 0.362033 0.350184 0.287783
0 0.347509 0.371544 0.280947
0 0.322241 0.405875 0.271885
0 0.318612 0.411913 0.269475
0 0.303169 0.433934 0.262897
0 0.292031 0.450402 0.257566
0 0.288409 0.455358 0.256233
0 0.279614 0.46618 0.254206
0 0.26695 0.482406 0.250644
0 0.258174 0.495012 0.246815
0 0.255839 0.497938 0.246223
0 0.256964 0.495732 0.247303
0 0.263205 0.485732 0.251063
0 0.262863 0.487391 0.249747
0 0.256251 0.497497 0.246252
0 0.260929 0.490693 0.248378
0 0.258145 0.49531 0.246545
0 0.252816 0.506398 0.240786
0 0.253307 0.50779 0.238904
0 0.266203 0.488632 0.245165
0 0.267731 0.485158 0.247111
0 0.261325 0.493421 0.245254
0 0.256053 0.500562 0.243385
0 0.251701 0.506313 0.241986
0 0.252487 0.504339 0.243174
0 0.243827 0.514266 0.241907
0 0.240509 0.519334 0.240157
0 0.231947 0.533614 0.234439
0 0.231816 0.534106 0.234078
0 0.246162 0.51242 0.241418
0 0.251466 0.503753 0.244781
0 0.253964 0.500338 0.245698
0 0.255489 0.496803 0.247708
0 0.258735 0.49226 0.249005
0 0.261365 0.489018 0.249617
0 0.276429 0.46899 0.254581
0 0.288929 0.450713 0.260357
0 0.291068 0.448282 0.260651
0 0.291935 0.449791 0.258274
0 0.292048 0.451887 0.256065
0 0.295126 0.447552 0.257322
0 0.30498 0.433363 0.261657
0 0.29864 0.441886 0.259474
0 0.288776 0.457203 0.254021
0 0.282243 0.468706 0.249052
0 0.272152 0.48255 0.245297
0 0.257344 0.501416 0.241239
0 0.249748 0.51107 0.239182
0 0.250711 0.508 0.241289
0 0.246467 0.51079 0.242743
0 0.239717 0.519627 0.240656
0 0.235773 0.5284 0.235827
0 0.230481 0.538477 0.231042
0 0.237725 0.527583 0.234692
0 0.258269 0.49678 0.244951
0 0.258318 0.496487 0.245196
0 0.26128 0.491528 0.247192
0 0.266701 0.481697 0.251602
0 0.264659 0.483163 0.252178
0 0.258148 0.493312 0.24854
0 0.254488 0.499911 0.245602
0 0.261475 0.491963 0.246561
0 0.263813 0.488625 0.247562
0 0.262678 0.490341 0.246981
0 0.258905 0.495619 0.245476
0 0.259132 0.494273 0.246595
0 0.253678 0.499862 0.24646
0 0.249143 0.505037 0.24582
0 0.243578 0.513228 0.243194
0 0.231968 0.530875 0.237157
0 0.23058 0.535099 0.234321
0 0.236542 0.52714 0.236318
0 0.243493 0.517264 0.239243
0 0.247148 0.511788 0.241064
0 0.243528 0.516902 0.239569
0 0.239264 0.523529 0.237207
0 0.238105 0.526044 0.235851
0 0.238014 0.526546 0.235441
0 0.242761 0.521037 0.236202
0 0.244848 0.519071 0.236081
0 0.247604 0.514745 0.23765
0 0.250471 0.508978 0.240551
0 0.247442 0.511778 0.24078
0 0.239728 0.5216 0.238672
0 0.234205 0.528651 0.237143
0 0.237302 0.523117 0.239581
0 0.240427 0.517781 0.241791
0 0.241925 0.515064 0.243011
0 0.246711 0.509975 0.243315
0 0.24666 0.512674 0.240666
0 0.254533 0.503538 0.241929
0 0.261873 0.490653 0.247474
0 0.271074 0.476008 0.252918
0 0.262319 0.488233 0.249448
0 0.260148 0.494281 0.245571
0 0.263655 0.489683 0.246663
0 0.269602 0.479465 0.250933
0 0.266333 0.482425 0.251242
0 0.263459 0.485399 0.251143
0 0.263795 0.482919 0.253286
0 0.260331 0.485602 0.254066
0 0.258485 0.48882 0.252695
0 0.262629 0.485321 0.25205
0 0.264892 0.483866 0.251241
0 0.279114 0.465318 0.255568
0 0.292848 0.44734 0.259813
0 0.294301 0.444274 0.261425
0 0.30558 0.427038 0.267382
0 0.306788 0.423864 0.269348
0 0.30008 0.433989 0.265931
0 0.307285 0.423171 0.269544
0 0.306633 0.421594 0.271773
0 0.30167 0.427309 0.271022
0 0.294497 0.439445 0.266059
0 0.291252 0.444039 0.264709
0 0.29638 0.436397 0.267222
0 0.281001 0.457342 0.261656
0 0.275466 0.467351 0.257183
0 0.272207 0.471385 0.256409
0 0.28296 0.45432 0.262721
0 0.284402 0.449615 0.265983
0 0.282824 0.449509 0.267667
0 0.278494 0.453702 0.267804
0 0.271469 0.46275 0.265781
0 0.264159 0.472999 0.262842
0 0.267877 0.467594 0.264529
0 0.274676 0.4577 0.267624
0 0.278902 0.453016 0.268082
0 0.286191 0.445687 0.268122
0 0.288656 0.443969 0.267375
0 0.306375 0.420956 0.272669
0 0.319771 0.401704 0.278525
0 0.334358 0.380632 0.28501
0 0.335282 0.378214 0.286503
0 0.341755 0.371062 0.287182
1 0.356023 0.351974 0.292003
1 0.357344 0.347217 0.295439
1 0.366242 0.334437 0.29932
1 0.354803 0.351331 0.293865
0 0.351176 0.359037 0.289788
0 0.34857 0.363829 0.287601
0 0.345119 0.368909 0.285972
0 0.336219 0.380793 0.282987
0 0.33357 0.383613 0.282818
0 0.341399 0.372041 0.28656
0 0.336898 0.376571 0.286532
0 0.335165 0.378886 0.285948
0 0.338915 0.373772 0.287313
0 0.348821 0.360645 0.290534
0 0.349721 0.359486 0.290793
1 0.363559 0.339519 0.296922
1 0.377489 0.318594 0.303917
1 0.388598 0.303745 0.307656
1 0.401382 0.284422 0.314196
1 0.413987 0.265562 0.320451
1 0.42096 0.255135 0.323905
1 0.411096 0.269086 0.319818
1 0.409627 0.273264 0.317109
1 0.400916 0.287867 0.311217
1 0.391247 0.304401 0.304352
1 0.393346 0.304011 0.302643
1 0.396238 0.300136 0.303626
1 0.382158 0.319037 0.298804
1 0.370376 0.336748 0.292876
0 0.354844 0.360324 0.284832
0 0.319842 0.407598 0.27256
0 0.319213 0.40911 0.271677
0 0.316636 0.411485 0.271879
0 0.320443 0.404813 0.274744
0 0.323242 0.399932 0.276826
0 0.328539 0.391956 0.279504
0 0.332195 0.386656 0.281149
0 0.321229 0.401407 0.277364
0 0.336171 0.382166 0.281663
0 0.345979 0.367183 0.286838
1 0.359032 0.348744 0.292224
1 0.357047 0.351237 0.291716
1 0.36835 0.334756 0.296894
1 0.372688 0.32747 0.299841
1 0.37294 0.323869 0.303191
1 0.387649 0.304023 0.308328
1 0.387144 0.304256 0.3086
1 0.393835 0.294849 0.311316
1 0.390602 0.299315 0.310083
1 0.394692 0.293613 0.311694
1 0.396335 0.290482 0.313183
1 0.401645 0.281844 0.316511
1 0.404106 0.277864 0.31803
1 0.409603 0.270037 0.32036
1 0.408153 0.272324 0.319524
1 0.403754 0.278074 0.318171
1 0.407221 0.273257 0.319522
1 0.399027 0.284441 0.316532
1 0.397707 0.285982 0.316311
1 0.399206 0.2842 0.316593
1 0.397956 0.286272 0.315772
1 0.394353 0.291511 0.314136
1 0.40164 0.28104 0.31732
1 0.403128 0.278784 0.318087
1 0.403432 0.27772 0.318848
1 0.409654 0.267243 0.323104
1 0.405712 0.270997 0.323291
1 0.406165 0.268855 0.324981
1 0.400385 0.276749 0.322866
1 0.395809 0.283506 0.320684
1 0.39387 0.288195 0.317935
1 0.394112 0.290601 0.315287
1 0.384769 0.307115 0.308116
