labels 0 1 -1
0 0.641598 0.150887 0.207516
0 0.633174 0.152808 0.214018
0 0.63 0.15432 0.21568
0 0.611094 0.160903 0.228003
0 0.620503 0.1566 0.222897
0 0.609204 0.160906 0.22989
0 0.59142 0.163818 0.244762
0 0.580519 0.163681 0.2558
0 0.57637 0.165231 0.258399
0 0.602488 0.159156 0.238357
0 0.613698 0.161636 0.224666
0 0.627692 0.159248 0.213059
0 0.633547 0.157919 0.208534
0 0.631251 0.157829 0.210919
0 0.628014 0.15753 0.214455
0 0.618745 0.161673 0.219582
0 0.625479 0.157188 0.217332
0 0.640796 0.148812 0.210392
0 0.638884 0.15247 0.208646
0 0.617638 0.162723 0.219639
0 0.605023 0.166478 0.228499
0 0.604094 0.165965 0.229941
0 0.625123 0.1545 0.220377
0 0.640559 0.149747 0.209694
0 0.631953 0.152672 0.215375
0 0.599835 0.162698 0.237468
0 0.58256 0.166543 0.250897
0 0.612555 0.163293 0.224152
0 0.609316 0.163078 0.227605
0 0.612974 0.163522 0.223504
0 0.620978 0.158365 0.220656
0 0.636035 0.151981 0.211984
0 0.633554 0.152591 0.213855
0 0.634386 0.152577 0.213037
0 0.619331 0.155966 0.224702
0 0.628763 0.150735 0.220502
0 0.632236 0.144554 0.22321
0 0.627931 0.150567 0.221503
0 0.622202 0.154837 0.222961
0 0.589131 0.161796 0.249073
0 0.56158 0.161745 0.276676
0 0.540214 0.167118 0.292668
0 0.588504 0.168933 0.242563
0 0.596305 0.17247 0.231224
0 0.60866 0.168823 0.222516
0 0.610519 0.164414 0.225068
0 0.603633 0.164817 0.23155
0 0.607368 0.160158 0.232475
0 0.606094 0.158148 0.235758
0 0.63166 0.146589 0.221751
0 0.643302 0.140732 0.215966
0 0.645584 0.14032 0.214097
0 0.656616 0.133344 0.21004
0 0.626496 0.149841 0.223664
0 0.612817 0.150464 0.236719
0 0.610772 0.149446 0.239782
0 0.575605 0.167816 0.256579
0 0.581006 0.16779 0.251204
0 0.553724 0.174938 0.271338
0 0.506851 0.182305 0.310844
0 0.554505 0.172186 0.273308
0 0.573952 0.166549 0.259499
0 0.617196 0.151265 0.231539
0 0.620525 0.145131 0.234343
0 0.618273 0.148261 0.233466
0 0.63515 0.14842 0.216429
0 0.608882 0.165035 0.226083
0 0.604456 0.16813 0.227414
0 0.605519 0.165233 0.229248
0 0.588635 0.167038 0.244327
0 0.584258 0.171055 0.244687
0 0.619411 0.155438 0.225151
0 0.634722 0.147856 0.217422
0 0.624525 0.150582 0.224893
0 0.612895 0.15686 0.230246
0 0.630628 0.146846 0.222527
0 0.634705 0.144475 0.22082
0 0.645365 0.139762 0.214873
0 0.648952 0.142666 0.208382
0 0.658991 0.137117 0.203893
0 0.642608 0.139409 0.217983
0 0.598632 0.155006 0.246362
0 0.57833 0.155836 0.265834
0 0.52707 0.172144 0.300787
0 0.559412 0.169564 0.271024
0 0.596351 0.156233 0.247417
0 0.594793 0.160294 0.244912
0 0.633375 0.150129 0.216496
0 0.623898 0.155313 0.220789
0 0.616179 0.164691 0.219129
0 0.62371 0.161093 0.215197
0 0.607456 0.161948 0.230596
0 0.608243 0.160173 0.231584
0 0.607235 0.155575 0.23719
0 0.601027 0.165763 0.23321
0 0.590058 0.170264 0.239678
0 0.553422 0.189213 0.257365
0 0.550633 0.210379 0.238988
0 0.617123 0.151745 0.231132
0 0.571302 0.178266 0.250432
0 0.586086 0.16552 0.248393
0 0.571815 0.161195 0.26699
0 0.499397 0.197034 0.303569
0 0.469557 0.201406 0.329037
0 0.492053 0.19678 0.311168
0 0.564178 0.174652 0.26117
0 0.572457 0.178447 0.249095
0 0.570666 0.174063 0.255272
0 0.586674 0.166192 0.247134
0 0.565404 0.172638 0.261958
0 0.537547 0.18059 0.281863
0 0.539588 0.173818 0.286594
0 0.54428 0.170609 0.285111
0 0.574569 0.167385 0.258046
0 0.584938 0.160022 0.25504
0 0.553801 0.169985 0.276214
0 0.548244 0.173937 0.277819
0 0.53712 0.20151 0.261369
0 0.524685 0.200268 0.275048
0 0.465501 0.229236 0.305263
0 0.463193 0.232336 0.304471
0 0.479812 0.193976 0.326212
0 0.494451 0.193009 0.312541
0 0.518398 0.19186 0.289742
0 0.531392 0.197936 0.270672
0 0.531751 0.199103 0.269146
0 0.518072 0.202758 0.279171
0 0.525068 0.209888 0.265045
0 0.533399 0.203182 0.263419
0 0.50355 0.237507 0.258943
0 0.5368 0.21833 0.244869
0 0.49084 0.247553 0.261607
0 0.554744 0.207202 0.238054
0 0.54432 0.205737 0.249943
0 0.534404 0.213443 0.252154
0 0.532484 0.207331 0.260185
0 0.477304 0.229257 0.293439
0 0.464303 0.261199 0.274498
0 0.523175 0.216362 0.260463
0 0.506169 0.213164 0.280667
0 0.480643 0.255261 0.264096
0 0.49306 0.241142 0.265798
0 0.492489 0.226506 0.281005
0 0.462868 0.250636 0.286495
0 0.468721 0.255637 0.275642
0 0.465469 0.246108 0.288422
0 0.350338 0.327235 0.322427
0 0.374441 0.319931 0.305628
0 0.354724 0.353905 0.291371
1 0.266639 0.465193 0.268168
0 0.385313 0.337707 0.276981
1 0.224098 0.404705 0.371197
0 0.36649 0.332732 0.300778
0 0.538115 0.174097 0.287789
0 0.553448 0.168552 0.278
0 0.525264 0.195181 0.279555
0 0.532741 0.179297 0.287962
0 0.516828 0.191342 0.291829
0 0.516243 0.195504 0.288253
0 0.526186 0.191655 0.282159
0 0.532529 0.182661 0.28481
0 0.585788 0.159584 0.254628
0 0.567182 0.171927 0.260891
0 0.587255 0.156024 0.256721
0 0.580826 0.16517 0.254004
0 0.561318 0.171366 0.267315
0 0.576475 0.166556 0.256969
0 0.597704 0.159064 0.243232
0 0.606071 0.157945 0.235984
0 0.583667 0.168792 0.247541
0 0.581722 0.167489 0.250789
0 0.585328 0.165235 0.249437
0 0.597563 0.168266 0.234172
0 0.585697 0.173832 0.240471
0 0.607132 0.162612 0.230256
0 0.624637 0.156561 0.218802
0 0.613737 0.157644 0.228618
0 0.624253 0.150512 0.225235
0 0.62496 0.150869 0.224171
0 0.618073 0.15575 0.226177
0 0.615389 0.161172 0.223439
0 0.620523 0.158132 0.221346
0 0.618067 0.156663 0.225269
0 0.626002 0.156241 0.217757
0 0.624725 0.156854 0.218421
0 0.630698 0.156171 0.213131
0 0.631992 0.156012 0.211995
0 0.620044 0.158218 0.221737
0 0.610349 0.15795 0.2317
0 0.61497 0.16068 0.22435
0 0.630226 0.152576 0.217198
0 0.635074 0.156753 0.208173
0 0.617396 0.16091 0.221695
0 0.614289 0.162341 0.22337
0 0.615266 0.158795 0.225939
0 0.62249 0.158328 0.219181
0 0.629528 0.15425 0.216222
0 0.630176 0.155773 0.214051
0 0.626412 0.160222 0.213366
0 0.612603 0.167853 0.219545
0 0.607843 0.160598 0.231559
0 0.591926 0.169504 0.23857
0 0.587128 0.167358 0.245513
0 0.626316 0.157392 0.216293
0 0.628776 0.151947 0.219277
0 0.598362 0.169248 0.23239
0 0.597241 0.171322 0.231437
0 0.59558 0.157339 0.247081
0 0.533132 0.183037 0.283831
0 0.588467 0.156293 0.25524
0 0.587022 0.15878 0.254197
0 0.600736 0.157434 0.24183
0 0.615023 0.154294 0.230684
0 0.588172 0.170187 0.241641
0 0.61117 0.162268 0.226563
0 0.59653 0.171967 0.231504
0 0.612811 0.160621 0.226569
0 0.621688 0.152635 0.225677
0 0.596035 0.170657 0.233309
0 0.621132 0.158423 0.220445
0 0.608079 0.163742 0.228179
0 0.607595 0.158768 0.233637
0 0.593205 0.171136 0.235658
0 0.597756 0.167471 0.234773
0 0.595674 0.167482 0.236844
0 0.582076 0.181771 0.236152
0 0.574759 0.191254 0.233987
0 0.559369 0.190564 0.250067
0 0.55677 0.186753 0.256477
0 0.608279 0.160222 0.231498
0 0.60094 0.162506 0.236555
0 0.61216 0.155757 0.232083
0 0.59665 0.162639 0.240711
0 0.594255 0.164038 0.241707
0 0.611434 0.162067 0.226499
0 0.615131 0.157846 0.227023
0 0.61349 0.158105 0.228405
0 0.605426 0.160681 0.233892
0 0.599191 0.164054 0.236755
