labels 1 0 -1
-1 0.339232 0.28384 0.376928
-1 0.339982 0.25609 0.403928
-1 0.33642 0.312433 0.351147
1 0.408596 0.297534 0.29387
-1 0.322953 0.287615 0.389432
0 0.330386 0.366047 0.303567
0 0.341328 0.378567 0.280105
0 0.25826 0.470483 0.271257
0 0.311194 0.347777 0.341029
-1 0.266471 0.348594 0.384935
0 0.300252 0.440397 0.259351
1 0.385022 0.322539 0.292439
1 0.380612 0.374857 0.244531
1 0.447067 0.25346 0.299473
-1 0.308794 0.215738 0.475468
0 0.237348 0.428947 0.333706
0 0.280077 0.441015 0.278908
0 0.25095 0.468389 0.280661
-1 0.30046 0.312819 0.386721
0 0.273049 0.498053 0.228897
0 0.292728 0.521409 0.185863
0 0.293579 0.486881 0.219539
0 0.249445 0.586343 0.164212
0 0.234218 0.588453 0.177329
0 0.214775 0.591891 0.193334
0 0.165116 0.628611 0.206273
0 0.168443 0.595752 0.235805
0 0.197361 0.569991 0.232648
0 0.195875 0.570607 0.233518
0 0.144934 0.655308 0.199758
0 0.180402 0.609273 0.210325
0 0.163051 0.655828 0.181121
0 0.160083 0.580896 0.259021
0 0.17622 0.541838 0.281942
0 0.201033 0.539798 0.259169
0 0.285495 0.471601 0.242904
0 0.353398 0.388575 0.258027
0 0.338326 0.367855 0.29382
0 0.333678 0.409636 0.256685
0 0.29097 0.383378 0.325653
0 0.268744 0.458531 0.272725
0 0.266155 0.40918 0.324665
-1 0.276804 0.315265 0.407931
-1 0.317314 0.325091 0.357594
0 0.296369 0.372038 0.331593
1 0.370411 0.306705 0.322884
0 0.245168 0.415395 0.339437
0 0.187145 0.509425 0.30343
0 0.165987 0.581679 0.252334
0 0.163695 0.632344 0.203961
0 0.197122 0.624783 0.178096
0 0.258009 0.548416 0.193574
0 0.225803 0.48463 0.289567
0 0.225027 0.586667 0.188307
0 0.234451 0.473553 0.291996
0 0.209624 0.460125 0.330251
0 0.232767 0.468468 0.298765
-1 0.300797 0.256268 0.442935
0 0.243556 0.496464 0.25998
-1 0.297011 0.333928 0.369061
1 0.348 0.334953 0.317047
-1 0.278454 0.355866 0.36568
-1 0.353697 0.213921 0.432381
-1 0.369122 0.221697 0.409181
-1 0.343858 0.222955 0.433187
-1 0.340483 0.150509 0.509008
-1 0.364078 0.109355 0.526567
-1 0.366254 0.166502 0.467244
1 0.449741 0.140245 0.410014
1 0.47222 0.121549 0.406231
-1 0.405114 0.159018 0.435868
-1 0.350677 0.252435 0.396889
0 0.303676 0.351643 0.344681
-1 0.277783 0.323577 0.39864
0 0.235648 0.464764 0.299588
0 0.28229 0.517018 0.200692
0 0.264567 0.577024 0.158409
0 0.21316 0.62814 0.1587
0 0.21694 0.635832 0.147227
0 0.204872 0.560107 0.235021
0 0.201931 0.550105 0.247964
0 0.167093 0.617515 0.215392
0 0.155412 0.611104 0.233483
0 0.140368 0.581495 0.278138
0 0.182186 0.435056 0.382758
0 0.197584 0.5097 0.292716
0 0.216684 0.493616 0.2897
0 0.182736 0.624445 0.192819
0 0.231652 0.454161 0.314187
-1 0.210828 0.301475 0.487697
-1 0.200465 0.338947 0.460587
-1 0.160828 0.404513 0.434659
0 0.15781 0.451061 0.391129
0 0.153571 0.435151 0.411278
-1 0.13613 0.339764 0.524105
-1 0.17364 0.305707 0.520653
0 0.184215 0.553131 0.262654
0 0.134754 0.613281 0.251965
0 0.126603 0.635177 0.23822
0 0.119679 0.586173 0.294148
0 0.112788 0.62106 0.266152
0 0.110855 0.69498 0.194165
0 0.145801 0.506738 0.347461
0 0.113183 0.690795 0.196021
0 0.206717 0.419685 0.373597
-1 0.218615 0.329269 0.452115
0 0.223835 0.518329 0.257836
