labels 1 0 -1
0 0.0248349 0.926995 0.04817
0 0.0476211 0.671098 0.281281
0 0.38952 0.565423 0.0450573
0 0.00435862 0.995067 0.000574441
0 0.0159306 0.797182 0.186887
0 0.0096102 0.981042 0.00934801
0 0.00224324 0.991301 0.00645528
1 0.683057 0.306347 0.0105957
0 0.00767407 0.950317 0.0420091
-1 0.0013015 0.0275387 0.97116
0 0.0160443 0.975827 0.00812841
0 7.27297e-05 0.993957 0.00597066
0 0.326362 0.54033 0.133308
0 0.0147991 0.97793 0.00727075
1 0.996091 0.00351493 0.000393767
0 0.00459922 0.959446 0.0359552
-1 0.0611025 0.295543 0.643355
0 0.0144873 0.874279 0.111234
0 0.253337 0.738284 0.00837877
0 0.0690982 0.929516 0.00138537
0 0.214574 0.774139 0.0112869
0 0.0112627 0.988519 0.000217833
0 0.198629 0.794701 0.00666995
0 0.459639 0.539794 0.00056751
0 0.00283387 0.99461 0.00255657
0 0.211046 0.788562 0.000391279
0 0.0166466 0.914198 0.0691551
0 5.9901e-05 0.995504 0.00443659
0 7.03255e-07 0.999494 0.000505174
0 0.00816011 0.970655 0.0211849
0 0.00223255 0.988872 0.00889584
0 0.012132 0.955189 0.0326791
0 0.00770287 0.911905 0.0803925
0 0.014287 0.494045 0.491668
-1 0.00138316 0.0571948 0.941422
-1 0.0642213 0.380561 0.555217
-1 0.0208558 0.16482 0.814324
0 0.0214388 0.94328 0.0352817
1 0.615872 0.367787 0.016341
1 0.865767 0.125724 0.00850955
-1 0.0016234 0.0777169 0.92066
-1 0.395065 0.113856 0.491079
0 0.0237852 0.972063 0.00415205
0 0.0348537 0.940394 0.0247518
0 0.00415075 0.97216 0.0236889
1 0.831695 0.166548 0.00175672
0 1.63578e-06 0.999895 0.000103492
0 0.0523894 0.945061 0.00255008
0 0.118793 0.876818 0.00438887
0 0.00729375 0.909015 0.0836914
0 0.0102559 0.923762 0.0659817
0 0.00514459 0.928668 0.0661871
0 0.0144809 0.846278 0.139241
0 0.148327 0.819659 0.0320144
0 0.00772621 0.957187 0.0350869
0 0.114432 0.810937 0.0746311
-1 0.0107228 0.150383 0.838895
1 0.999935 1.16126e-05 5.38537e-05
0 0.00839108 0.564761 0.426848
-1 0.193245 0.125479 0.681277
0 0.00665283 0.979709 0.0136383
-1 0.183272 0.342063 0.474665
0 0.122294 0.841828 0.0358786
1 0.837679 0.0774904 0.0848307
-1 0.00171303 0.00613636 0.992151
0 0.0264787 0.589922 0.383599
0 0.112039 0.595774 0.292187
-1 0.00854375 0.297845 0.693611
0 0.0306803 0.714447 0.254873
0 0.307438 0.686174 0.00638777
0 0.00385767 0.984683 0.0114597
1 0.786726 0.21018 0.00309383
0 0.0351435 0.957881 0.00697588
0 0.189487 0.798053 0.0124604
0 0.0650205 0.924423 0.010556
0 0.030729 0.9615 0.00777094
0 3.71021e-06 0.998707 0.00128921
0 0.00377719 0.992808 0.0034144
0 0.00547127 0.980837 0.0136922
0 0.209965 0.757968 0.0320679
0 0.0328497 0.87592 0.0912308
0 0.00247753 0.993022 0.00450094
1 0.533439 0.459187 0.00737476
0 0.003128 0.979556 0.0173157
1 0.605985 0.378527 0.0154872
0 0.00597566 0.971694 0.0223301
0 0.00548441 0.973202 0.0213132
0 0.0976511 0.761113 0.141235
0 0.00998629 0.934672 0.0553417
0 0.0484365 0.788322 0.163242
0 0.0872813 0.909048 0.00367033
0 0.0346427 0.963221 0.00213625
1 0.91049 0.0847362 0.004774
0 0.048956 0.906383 0.0446605
-1 0.0107158 0.380977 0.608307
0 0.0402708 0.95026 0.00946915
1 0.523225 0.469927 0.00684845
0 3.10052e-07 0.999707 0.00029227
1 0.893334 0.0811983 0.0254673
0 0.00164909 0.991611 0.00674036
0 0.16411 0.6891 0.14679
0 0.00284165 0.994127 0.00303164
-1 0.0325803 0.320496 0.646923
-1 0.00886108 0.0415324 0.949607
0 0.0345993 0.763787 0.201613
-1 0.0719467 0.107695 0.820358
0 0.0386218 0.773866 0.187513
