labels 0 1 -1
0 0.550983 0.165231 0.283786
0 0.535934 0.171842 0.292224
0 0.549585 0.169627 0.280788
0 0.538935 0.162422 0.298643
0 0.518408 0.173132 0.30846
0 0.545227 0.170647 0.284126
0 0.552993 0.16373 0.283277
0 0.536697 0.172197 0.291106
0 0.498528 0.181247 0.320225
0 0.474686 0.180617 0.344697
0 0.462777 0.182676 0.354547
0 0.462719 0.172405 0.364876
0 0.406232 0.249859 0.343909
0 0.411154 0.224288 0.364558
0 0.425337 0.192517 0.382147
0 0.404974 0.259534 0.335493
0 0.436882 0.227168 0.33595
0 0.406554 0.252299 0.341147
0 0.398668 0.239936 0.361396
0 0.403135 0.247697 0.349168
0 0.373063 0.293043 0.333894
0 0.391618 0.270487 0.337895
0 0.364596 0.280344 0.35506
0 0.391732 0.265315 0.342953
0 0.439373 0.254545 0.306081
0 0.473212 0.221731 0.305057
0 0.52552 0.170987 0.303493
0 0.492091 0.185078 0.322831
0 0.457191 0.229033 0.313777
0 0.468541 0.206483 0.324976
0 0.487055 0.187251 0.325694
0 0.505395 0.206456 0.288149
0 0.52106 0.179484 0.299456
0 0.523485 0.182951 0.293564
0 0.518566 0.183701 0.297733
0 0.549979 0.167638 0.282383
0 0.568392 0.16595 0.265658
0 0.565785 0.167562 0.266653
0 0.561869 0.171044 0.267087
0 0.562352 0.167752 0.269895
0 0.553742 0.170602 0.275656
0 0.550578 0.167618 0.281804
0 0.571179 0.158255 0.270566
0 0.586718 0.161994 0.251288
0 0.58132 0.160242 0.258438
0 0.571515 0.160844 0.267641
0 0.558527 0.167717 0.273756
0 0.563328 0.164675 0.271997
0 0.573712 0.15958 0.266708
0 0.574973 0.160202 0.264825
0 0.575683 0.165399 0.258917
0 0.579727 0.162887 0.257385
0 0.570284 0.163757 0.265959
0 0.566048 0.164938 0.269015
0 0.586803 0.163996 0.249202
0 0.588608 0.161014 0.250378
0 0.591432 0.163971 0.244597
0 0.578861 0.165758 0.255381
0 0.572834 0.165948 0.261217
0 0.579768 0.162725 0.257507
0 0.576086 0.161549 0.262365
0 0.570752 0.15967 0.269578
0 0.585453 0.160631 0.253916
0 0.5871 0.158632 0.254268
0 0.547888 0.164702 0.28741
0 0.512153 0.174641 0.313206
0 0.519726 0.168962 0.311312
0 0.550523 0.16236 0.287117
0 0.57018 0.146639 0.28318
0 0.576595 0.147916 0.275489
0 0.578379 0.158712 0.262909
0 0.553605 0.154536 0.291859
0 0.542516 0.17073 0.286755
0 0.509818 0.180472 0.309711
0 0.509422 0.167644 0.322934
0 0.483392 0.183129 0.333478
0 0.483133 0.179305 0.337562
0 0.449951 0.200258 0.349791
0 0.451983 0.183936 0.364082
0 0.457267 0.207339 0.335394
0 0.46277 0.219157 0.318072
0 0.507217 0.163522 0.329261
0 0.505143 0.164475 0.330383
0 0.520245 0.176509 0.303246
0 0.500026 0.190534 0.309441
0 0.499537 0.17574 0.324723
0 0.466876 0.186976 0.346148
0 0.431406 0.239492 0.329103
0 0.434923 0.219585 0.345492
0 0.450156 0.211405 0.338438
0 0.377709 0.310194 0.312097
0 0.433327 0.252571 0.314101
0 0.455639 0.216334 0.328027
0 0.413002 0.286819 0.300179
0 0.488592 0.203938 0.307471
0 0.497836 0.190131 0.312033
0 0.445181 0.230849 0.323969
0 0.495415 0.189865 0.31472
0 0.499371 0.196452 0.304177
0 0.492823 0.198727 0.30845
0 0.489262 0.19101 0.319729
0 0.446793 0.237972 0.315235
0 0.479791 0.213635 0.306574
0 0.517138 0.191121 0.291741
0 0.540975 0.184432 0.274593
0 0.562366 0.15898 0.278654
0 0.555965 0.166765 0.27727
0 0.551167 0.168783 0.280049
0 0.56107 0.160752 0.278178
0 0.565326 0.163214 0.271459
0 0.572058 0.161032 0.26691
0 0.574273 0.16151 0.264217
0 0.561721 0.164974 0.273305
0 0.565119 0.161228 0.273653
0 0.548562 0.174124 0.277314
0 0.540379 0.166777 0.292844
0 0.524587 0.174679 0.300734
0 0.534259 0.171422 0.294319
0 0.567468 0.151024 0.281508
0 0.576928 0.150451 0.272621
0 0.579313 0.152642 0.268044
0 0.562628 0.152667 0.284705
0 0.576838 0.151934 0.271228
0 0.567382 0.166918 0.2657
0 0.577626 0.164751 0.257624
0 0.5826 0.15939 0.25801
0 0.589791 0.158682 0.251526
0 0.589406 0.161633 0.248961
0 0.577375 0.158471 0.264154
0 0.579614 0.162439 0.257947
0 0.581951 0.165824 0.252226
0 0.574951 0.160726 0.264323
0 0.582345 0.159689 0.257965
0 0.59509 0.160185 0.244725
0 0.593433 0.160484 0.246084
0 0.586951 0.160014 0.253034
0 0.590832 0.162231 0.246937
0 0.58945 0.161182 0.249368
0 0.587376 0.160067 0.252557
0 0.596246 0.164763 0.238991
0 0.592654 0.163037 0.244309
0 0.585571 0.165742 0.248687
0 0.579661 0.165042 0.255298
0 0.587997 0.160382 0.251622
0 0.593385 0.162362 0.244253
0 0.566357 0.163016 0.270627
0 0.545232 0.16358 0.291188
0 0.546798 0.165262 0.28794
0 0.565604 0.161022 0.273374
0 0.56891 0.159516 0.271574
0 0.563997 0.161107 0.274896
0 0.560523 0.160318 0.279159
0 0.555731 0.163049 0.28122
0 0.573344 0.160435 0.266221
0 0.5721 0.162868 0.265032
0 0.524665 0.172949 0.302386
0 0.49271 0.176255 0.331035
0 0.479367 0.182041 0.338592
0 0.514173 0.180602 0.305226
0 0.532169 0.162577 0.305255
0 0.535345 0.152456 0.312199
0 0.532323 0.166773 0.300904
0 0.564353 0.148348 0.287299
0 0.588207 0.140324 0.271469
0 0.56447 0.159047 0.276483
0 0.554436 0.156882 0.288682
0 0.535341 0.175166 0.289493
0 0.545929 0.170746 0.283325
0 0.569779 0.158633 0.271587
0 0.581695 0.167513 0.250792
0 0.574192 0.164552 0.261256
0 0.565593 0.168021 0.266386
0 0.553705 0.171241 0.275053
0 0.577133 0.162287 0.26058
0 0.584836 0.16154 0.253624
0 0.576655 0.164617 0.258728
0 0.56998 0.165536 0.264484
0 0.576384 0.161613 0.262003
0 0.575128 0.160977 0.263895
0 0.580845 0.160461 0.258694
0 0.584409 0.163237 0.252354
0 0.577808 0.164387 0.257804
0 0.572948 0.167233 0.259819
0 0.564597 0.165638 0.269765
0 0.565871 0.16691 0.267219
0 0.574151 0.168062 0.257786
0 0.57305 0.16294 0.26401
0 0.548283 0.165251 0.286466
0 0.508651 0.174656 0.316693
0 0.500639 0.172098 0.327262
0 0.538343 0.161378 0.300279
0 0.571281 0.151101 0.277618
0 0.54093 0.155422 0.303648
0 0.505668 0.153923 0.340409
0 0.493504 0.160491 0.346005
0 0.519983 0.17335 0.306667
0 0.550545 0.143989 0.305466
0 0.57353 0.13638 0.29009
0 0.558374 0.165408 0.276219
0 0.553808 0.16546 0.280732
0 0.553074 0.162297 0.284629
0 0.53929 0.173471 0.287239
0 0.557144 0.161547 0.281309
0 0.569465 0.15857 0.271965
0 0.553415 0.164761 0.281824
0 0.554977 0.158405 0.286618
0 0.567979 0.160894 0.271128
0 0.590044 0.153201 0.256755
0 0.575938 0.155368 0.268694
0 0.576304 0.160563 0.263133
0 0.580123 0.157951 0.261926
0 0.553475 0.160446 0.286079
0 0.520085 0.163874 0.316041
0 0.514226 0.161581 0.324193
0 0.524827 0.163753 0.311419
0 0.537764 0.151082 0.311153
0 0.550821 0.142296 0.306884
0 0.54644 0.149139 0.304421
0 0.552989 0.147979 0.299032
0 0.536527 0.143331 0.320142
0 0.542739 0.145437 0.311824
0 0.537126 0.15592 0.306954
0 0.554729 0.148678 0.296593
0 0.552166 0.150092 0.297742
0 0.562829 0.155551 0.28162
0 0.575838 0.156876 0.267286
0 0.563204 0.162075 0.274721
0 0.561862 0.163279 0.274859
0 0.561522 0.171033 0.267446
0 0.563095 0.170183 0.266723
0 0.565391 0.170167 0.264442
0 0.571317 0.164723 0.26396
0 0.568172 0.163705 0.268123
0 0.569182 0.163408 0.26741
0 0.571558 0.162099 0.266344
0 0.567545 0.164663 0.267792
0 0.577749 0.16247 0.259782
0 0.567125 0.161912 0.270964
0 0.544894 0.170721 0.284385
0 0.557003 0.170323 0.272674
0 0.585084 0.158951 0.255965
0 0.576901 0.161258 0.261841
0 0.56446 0.166326 0.269214
0 0.5669 0.165659 0.267441
0 0.561987 0.161447 0.276566
0 0.571446 0.158555 0.269999
0 0.582971 0.158367 0.258663
0 0.5895 0.160168 0.250331
0 0.574799 0.162798 0.262402
0 0.524063 0.169474 0.306462
0 0.481605 0.174794 0.343601
0 0.451776 0.183038 0.365186
0 0.464705 0.16554 0.369755
0 0.484462 0.151594 0.363944
0 0.515982 0.16659 0.317429
0 0.520566 0.152693 0.326742
0 0.514306 0.160774 0.324919
0 0.483816 0.176922 0.339262
0 0.509155 0.161211 0.329634
0 0.531682 0.164072 0.304245
0 0.531887 0.163124 0.304989
0 0.508654 0.156429 0.334917
0 0.484573 0.168701 0.346726
0 0.496706 0.163232 0.340062
0 0.536477 0.149822 0.313701
0 0.553326 0.152203 0.294471
0 0.555512 0.155286 0.289202
0 0.537236 0.165609 0.297155
0 0.485787 0.172048 0.342166
0 0.430341 0.178739 0.39092
-1 0.371915 0.208931 0.419155
-1 0.363326 0.191288 0.445386
-1 0.373252 0.195778 0.43097
0 0.410394 0.184242 0.405363
-1 0.410399 0.160736 0.428864
0 0.43048 0.15722 0.4123
0 0.440828 0.170633 0.388539
0 0.414184 0.176971 0.408845
-1 0.376183 0.17524 0.448577
-1 0.32471 0.209181 0.466108
-1 0.354745 0.212067 0.433188
-1 0.412337 0.166515 0.421147
-1 0.402318 0.181712 0.41597
-1 0.411088 0.170701 0.418211
0 0.440727 0.165172 0.3941
0 0.415829 0.187218 0.396954
0 0.449255 0.15745 0.393295
0 0.445246 0.184857 0.369897
0 0.437737 0.183123 0.37914
0 0.416989 0.169089 0.413922
-1 0.385026 0.207165 0.407809
-1 0.322413 0.275452 0.402136
-1 0.324332 0.22633 0.449337
-1 0.312763 0.233541 0.453697
-1 0.365726 0.23442 0.399854
0 0.416355 0.174651 0.408993
0 0.433479 0.180065 0.386457
0 0.444141 0.176702 0.379156
0 0.464135 0.174014 0.361852
0 0.468015 0.180155 0.35183
0 0.481168 0.171384 0.347448
0 0.487883 0.165956 0.346161
0 0.510427 0.165033 0.32454
0 0.521872 0.169403 0.308725
0 0.532209 0.162513 0.305278
0 0.537004 0.163701 0.299295
0 0.559638 0.164239 0.276123
0 0.554336 0.163576 0.282088
0 0.54762 0.167307 0.285073
0 0.521821 0.169634 0.308545
0 0.508366 0.163992 0.327642
0 0.524714 0.159797 0.315489
0 0.521184 0.160616 0.3182
0 0.501165 0.151254 0.347581
0 0.475194 0.158208 0.366598
0 0.504541 0.15319 0.342269
0 0.545778 0.14659 0.307632
0 0.547772 0.151083 0.301145
0 0.538874 0.150194 0.310931
0 0.514188 0.16388 0.321932
0 0.533742 0.16515 0.301108
0 0.558329 0.15945 0.282221
0 0.547946 0.15906 0.292994
0 0.51805 0.167427 0.314522
0 0.509476 0.161706 0.328818
0 0.523011 0.152806 0.324184
0 0.528255 0.156137 0.315608
0 0.523735 0.150758 0.325507
0 0.524373 0.160594 0.315033
0 0.511634 0.164388 0.323978
0 0.527002 0.156302 0.316696
0 0.518381 0.165016 0.316602
0 0.498716 0.158322 0.342962
0 0.469341 0.156419 0.37424
0 0.476168 0.156721 0.367111
0 0.489619 0.15478 0.355601
0 0.474721 0.153364 0.371915
0 0.439896 0.148213 0.411891
0 0.420857 0.162959 0.416184
0 0.430937 0.160141 0.408922
0 0.467111 0.144419 0.38847
0 0.491229 0.129493 0.379278
0 0.489523 0.132403 0.378074
0 0.512897 0.134715 0.352389
0 0.518779 0.147764 0.333457
0 0.493215 0.154085 0.3527
0 0.492126 0.159166 0.348708
0 0.496006 0.168946 0.335048
0 0.507096 0.166827 0.326077
0 0.517943 0.158265 0.323792
0 0.488451 0.168465 0.343084
0 0.43677 0.172023 0.391206
0 0.435809 0.162487 0.401704
0 0.466063 0.173602 0.360336
0 0.448922 0.1593 0.391778
0 0.424685 0.153082 0.422233
-1 0.38506 0.198429 0.416511
-1 0.397811 0.178542 0.423647
0 0.423219 0.169423 0.407358
0 0.415145 0.175897 0.408958
-1 0.422483 0.154634 0.422883
-1 0.39729 0.166124 0.436586
-1 0.391774 0.180757 0.427469
0 0.42005 0.168215 0.411736
0 0.468017 0.143178 0.388805
0 0.479307 0.155083 0.36561
0 0.500295 0.149773 0.349932
0 0.494181 0.155096 0.350723
0 0.506435 0.159879 0.333686
0 0.505403 0.167446 0.327151
0 0.500487 0.163518 0.335995
0 0.478897 0.173169 0.347935
0 0.428195 0.18006 0.391745
-1 0.410451 0.175914 0.413636
-1 0.403255 0.190938 0.405808
0 0.439328 0.171613 0.389059
0 0.451518 0.167744 0.380738
0 0.435886 0.167191 0.396923
0 0.473051 0.146233 0.380716
0 0.488453 0.163985 0.347562
0 0.504846 0.154999 0.340155
0 0.491776 0.162019 0.346206
0 0.47192 0.1722 0.355881
0 0.505582 0.167573 0.326845
0 0.505726 0.166707 0.327567
0 0.477492 0.170123 0.352384
0 0.452966 0.171872 0.375163
0 0.4466 0.175536 0.377863
0 0.424037 0.179125 0.396837
-1 0.389893 0.19513 0.414977
-1 0.325357 0.242749 0.431894
-1 0.263772 0.325543 0.410685
-1 0.242895 0.322386 0.434719
-1 0.200993 0.391935 0.407072
-1 0.222909 0.37402 0.403072
-1 0.275633 0.345984 0.378383
-1 0.254694 0.331998 0.413308
-1 0.302818 0.300425 0.396758
-1 0.272051 0.347187 0.380761
-1 0.312105 0.303199 0.384696
-1 0.252865 0.346583 0.400552
-1 0.23547 0.351287 0.413242
-1 0.268505 0.342207 0.389287
1 0.255338 0.388195 0.356467
-1 0.280325 0.359691 0.359984
-1 0.332019 0.274253 0.393728
-1 0.316355 0.302088 0.381557
0 0.363695 0.296518 0.339786
0 0.431729 0.223479 0.344793
0 0.447735 0.207234 0.345031
0 0.428787 0.225092 0.346121
0 0.42464 0.212435 0.362925
-1 0.372358 0.24684 0.380802
0 0.395057 0.231418 0.373525
0 0.410265 0.244441 0.345294
0 0.456995 0.212294 0.33071
0 0.439353 0.223782 0.336866
0 0.354133 0.300017 0.345851
0 0.402496 0.227648 0.369856
0 0.431076 0.217603 0.351321
0 0.448672 0.24817 0.303158
0 0.479512 0.189877 0.330611
0 0.488344 0.179661 0.331995
0 0.431608 0.231912 0.33648
0 0.419266 0.230041 0.350693
0 0.36389 0.278479 0.357632
0 0.383779 0.269671 0.34655
0 0.427358 0.25603 0.316611
0 0.456583 0.236003 0.307413
0 0.488291 0.207776 0.303934
0 0.421161 0.256159 0.322681
0 0.450774 0.209157 0.340069
0 0.410107 0.256034 0.333859
0 0.439779 0.240777 0.319444
0 0.522148 0.180235 0.297616
0 0.532466 0.178486 0.289048
0 0.555842 0.165025 0.279132
0 0.545794 0.170965 0.283241
0 0.54303 0.172875 0.284095
0 0.548995 0.167459 0.283546
0 0.554121 0.16676 0.279119
0 0.548384 0.174947 0.276669
0 0.532724 0.180824 0.286452
0 0.52649 0.18012 0.29339
0 0.558669 0.163341 0.27799
0 0.576766 0.170102 0.253132
0 0.576691 0.154572 0.268738
0 0.578256 0.159085 0.262659
0 0.560642 0.172245 0.267113
0 0.566319 0.167629 0.266052
0 0.560543 0.162373 0.277084
0 0.567462 0.163744 0.268794
0 0.541529 0.178539 0.279932
0 0.541089 0.166735 0.292177
0 0.563104 0.160545 0.276352
0 0.577452 0.162544 0.260004
0 0.57687 0.15991 0.26322
0 0.541752 0.17301 0.285238
0 0.528847 0.17543 0.295723
0 0.550001 0.166562 0.283437
0 0.573068 0.165845 0.261087
0 0.572244 0.161736 0.26602
0 0.557529 0.153493 0.288978
0 0.518719 0.175813 0.305468
0 0.489335 0.210654 0.300012
0 0.499776 0.193959 0.306265
0 0.446299 0.248956 0.304745
0 0.473715 0.218651 0.307634
0 0.430033 0.278608 0.291359
0 0.456848 0.250966 0.292186
0 0.532372 0.177516 0.290112
0 0.466939 0.25519 0.277871
0 0.553074 0.168258 0.278668
0 0.542828 0.176369 0.280803
0 0.51546 0.205593 0.278946
0 0.514858 0.195101 0.290041
0 0.510035 0.18973 0.300235
0 0.51257 0.202118 0.285312
0 0.504246 0.209687 0.286067
0 0.517449 0.1945 0.288052
0 0.518671 0.195808 0.285521
0 0.52914 0.189423 0.281437
0 0.511187 0.20901 0.279803
0 0.516828 0.192308 0.290864
0 0.482033 0.235848 0.28212
0 0.48906 0.224241 0.286699
0 0.554093 0.170709 0.275198
0 0.558471 0.187209 0.25432
0 0.582471 0.149702 0.267827
0 0.584885 0.150594 0.264521
0 0.561459 0.162784 0.275757
0 0.572022 0.159034 0.268944
0 0.56748 0.163897 0.268623
0 0.573102 0.167396 0.259502
0 0.554857 0.180198 0.264945
0 0.559681 0.165549 0.274769
0 0.571194 0.166604 0.262202
0 0.582691 0.165303 0.252005
0 0.585578 0.159775 0.254647
0 0.582391 0.161117 0.256492
0 0.587361 0.158148 0.254491
0 0.59276 0.161531 0.245709
0 0.593565 0.161501 0.244934
0 0.587595 0.164621 0.247784
0 0.572866 0.174199 0.252935
0 0.570888 0.167244 0.261868
0 0.582303 0.164458 0.253239
0 0.592074 0.161588 0.246337
0 0.592339 0.160228 0.247433
0 0.589746 0.164452 0.245802
0 0.585034 0.165268 0.249699
0 0.58448 0.166034 0.249486
0 0.583178 0.16649 0.250333
0 0.588072 0.166224 0.245705
0 0.583461 0.163446 0.253093
0 0.582253 0.164375 0.253372
0 0.59472 0.161095 0.244184
0 0.580721 0.167896 0.251383
0 0.56703 0.171617 0.261353
0 0.578282 0.16828 0.253438
0 0.584902 0.161703 0.253396
0 0.577014 0.167223 0.255763
0 0.571416 0.163436 0.265148
0 0.562902 0.168924 0.268174
0 0.580169 0.157861 0.261971
0 0.586397 0.155865 0.257737
0 0.579247 0.165166 0.255586
0 0.582913 0.160388 0.256699
0 0.583989 0.164516 0.251494
0 0.591678 0.167612 0.24071
0 0.606226 0.159473 0.234301
0 0.593805 0.164828 0.241367
0 0.584106 0.164576 0.251318
0 0.571494 0.164041 0.264464
0 0.547263 0.165298 0.28744
0 0.556807 0.167974 0.275219
0 0.586154 0.15506 0.258786
0 0.576817 0.153546 0.269637
0 0.572616 0.154812 0.272573
0 0.585615 0.158956 0.255429
0 0.595323 0.15949 0.245187
0 0.592189 0.153128 0.254683
0 0.567675 0.167437 0.264888
0 0.560271 0.165561 0.274168
0 0.556211 0.16084 0.282949
0 0.577826 0.151661 0.270513
0 0.586638 0.155873 0.257488
0 0.57411 0.152883 0.273007
0 0.562608 0.153138 0.284254
0 0.557468 0.159373 0.283159
0 0.539928 0.175291 0.284781
0 0.538611 0.155199 0.30619
0 0.514241 0.173676 0.312083
0 0.489225 0.197484 0.313291
0 0.50796 0.158162 0.333878
0 0.476047 0.183693 0.34026
0 0.483646 0.194594 0.32176
0 0.510027 0.173184 0.316789
0 0.517152 0.158978 0.32387
0 0.510809 0.175428 0.313763
0 0.539781 0.15536 0.304859
0 0.552273 0.148949 0.298778
0 0.502685 0.186479 0.310836
0 0.504492 0.173958 0.321549
0 0.485089 0.181693 0.333219
0 0.473107 0.208879 0.318014
0 0.480603 0.19043 0.328967
0 0.496073 0.1732 0.330727
0 0.499023 0.188953 0.312024
0 0.521459 0.175423 0.303119
0 0.511685 0.174267 0.314048
0 0.503697 0.164407 0.331896
0 0.524066 0.163375 0.31256
0 0.538579 0.174888 0.286533
0 0.542874 0.149462 0.307664
0 0.530255 0.160774 0.308971
0 0.489514 0.182484 0.328002
0 0.51207 0.16652 0.32141
0 0.50555 0.180051 0.314399
0 0.510915 0.185622 0.303463
0 0.510602 0.176695 0.312703
0 0.518575 0.166596 0.314828
0 0.475076 0.219853 0.30507
0 0.509735 0.179502 0.310763
0 0.49912 0.18812 0.31276
0 0.47953 0.201407 0.319063
0 0.531955 0.164478 0.303567
0 0.488022 0.209586 0.302392
0 0.511786 0.181659 0.306554
0 0.486653 0.195556 0.317791
0 0.483664 0.199354 0.316982
0 0.540486 0.164552 0.294961
0 0.519661 0.195786 0.284553
0 0.524949 0.161976 0.313075
0 0.502167 0.178139 0.319694
0 0.435815 0.220289 0.343896
0 0.485297 0.190517 0.324187
0 0.480468 0.218154 0.301378
0 0.518348 0.203318 0.278334
0 0.527118 0.186388 0.286494
0 0.533898 0.173519 0.292583
0 0.533754 0.178155 0.288091
0 0.538118 0.179231 0.282651
0 0.553906 0.163996 0.282098
0 0.560939 0.158029 0.281032
0 0.574877 0.159964 0.265159
0 0.573001 0.163723 0.263275
0 0.579146 0.157204 0.263649
0 0.572567 0.162472 0.264961
0 0.569254 0.162151 0.268595
0 0.563159 0.166494 0.270347
0 0.557843 0.168431 0.273726
0 0.565796 0.162423 0.271782
0 0.56674 0.173362 0.259898
0 0.579368 0.157026 0.263606
0 0.593139 0.153219 0.253642
0 0.581285 0.156545 0.262169
0 0.589202 0.152613 0.258185
0 0.575266 0.160971 0.263763
0 0.580517 0.159847 0.259636
0 0.576291 0.158475 0.265234
0 0.572454 0.162102 0.265445
0 0.573267 0.158533 0.2682
0 0.553512 0.172423 0.274065
0 0.55571 0.164212 0.280078
0 0.555844 0.16166 0.282496
0 0.564967 0.161056 0.273978
0 0.569384 0.163437 0.267179
0 0.577597 0.15231 0.270093
0 0.601037 0.131986 0.266976
0 0.552557 0.170291 0.277152
0 0.563946 0.149667 0.286388
0 0.542313 0.152003 0.305684
0 0.526085 0.186308 0.287607
0 0.574128 0.152546 0.273326
0 0.601961 0.139034 0.259005
0 0.584354 0.148101 0.267545
0 0.589776 0.151215 0.259009
0 0.562279 0.162246 0.275474
0 0.574749 0.157944 0.267307
0 0.574095 0.164482 0.261423
0 0.586311 0.162047 0.251642
0 0.587643 0.162321 0.250037
0 0.588343 0.16542 0.246237
0 0.581254 0.169211 0.249535
0 0.575918 0.167518 0.256564
0 0.584815 0.166287 0.248898
0 0.589379 0.163182 0.247439
0 0.583613 0.167366 0.249021
0 0.585915 0.163817 0.250269
0 0.584918 0.162968 0.252114
0 0.591838 0.164036 0.244126
0 0.593744 0.160881 0.245375
0 0.590166 0.161335 0.2485
0 0.587377 0.161188 0.251436
0 0.578992 0.161 0.260008
0 0.572244 0.157636 0.27012
0 0.579435 0.154088 0.266477
0 0.586656 0.152257 0.261086
0 0.607936 0.1435 0.248564
0 0.601533 0.146116 0.252351
0 0.584328 0.143863 0.271809
0 0.563227 0.152146 0.284627
0 0.569127 0.156503 0.274369
0 0.59489 0.148293 0.256817
0 0.603599 0.149623 0.246778
0 0.596204 0.152668 0.251128
0 0.593036 0.158585 0.24838
0 0.587924 0.163143 0.248934
0 0.595439 0.164971 0.23959
0 0.58652 0.16652 0.24696
0 0.588967 0.163353 0.24768
0 0.592089 0.164689 0.243223
0 0.589958 0.163971 0.246071
0 0.594545 0.161618 0.243837
0 0.599085 0.161933 0.238983
0 0.587291 0.160148 0.252561
0 0.585217 0.156439 0.258344
0 0.58552 0.162447 0.252034
0 0.590869 0.156621 0.252511
0 0.592217 0.153471 0.254312
0 0.591986 0.152969 0.255045
0 0.584543 0.153514 0.261943
0 0.589931 0.148116 0.261953
0 0.568367 0.15801 0.273623
0 0.56793 0.14362 0.28845
0 0.550161 0.149109 0.300731
0 0.540216 0.160283 0.299501
0 0.558464 0.144725 0.296811
0 0.568272 0.141719 0.290009
0 0.588542 0.138125 0.273333
0 0.582232 0.135568 0.282201
0 0.57262 0.133408 0.293972
0 0.546197 0.145735 0.308068
0 0.543246 0.151451 0.305303
0 0.537688 0.151678 0.310635
0 0.539102 0.158503 0.302394
0 0.50292 0.198334 0.298746
0 0.513986 0.176364 0.30965
0 0.519071 0.172573 0.308355
0 0.517586 0.203371 0.279043
0 0.541329 0.175343 0.283328
0 0.560808 0.152858 0.286334
0 0.520376 0.177966 0.301658
0 0.552536 0.164678 0.282785
0 0.561417 0.160882 0.277701
0 0.557278 0.164533 0.278189
0 0.555602 0.163601 0.280797
0 0.550769 0.172082 0.27715
0 0.51875 0.189186 0.292064
0 0.530835 0.171175 0.29799
0 0.517368 0.184686 0.297946
0 0.527483 0.189869 0.282649
0 0.542123 0.172964 0.284914
0 0.553081 0.168796 0.278123
0 0.548759 0.170733 0.280507
0 0.550983 0.162627 0.28639
0 0.581461 0.147437 0.271102
0 0.592364 0.157279 0.250357
0 0.576536 0.152717 0.270747
0 0.582395 0.148726 0.268879
0 0.56376 0.162298 0.273942
0 0.582622 0.159616 0.257762
0 0.583762 0.162882 0.253356
0 0.578714 0.16559 0.255695
0 0.577217 0.165313 0.25747
0 0.579914 0.168469 0.251617
0 0.580436 0.165307 0.254257
0 0.58326 0.165704 0.251036
0 0.585532 0.164444 0.250023
0 0.588259 0.164424 0.247317
0 0.598496 0.162763 0.238741
0 0.600626 0.160594 0.23878
0 0.583924 0.161792 0.254284
0 0.581048 0.160407 0.258544
0 0.588731 0.160792 0.250477
0 0.595508 0.15633 0.248163
0 0.574762 0.159122 0.266116
0 0.568121 0.158254 0.273625
0 0.570704 0.156271 0.273025
0 0.596951 0.148581 0.254467
0 0.604151 0.146115 0.249733
0 0.591409 0.148429 0.260162
0 0.597348 0.148446 0.254205
0 0.582607 0.161647 0.255746
0 0.592326 0.16305 0.244624
0 0.592905 0.162333 0.244762
0 0.589858 0.160412 0.24973
0 0.580187 0.161675 0.258138
0 0.585849 0.158137 0.256014
0 0.595787 0.159617 0.244596
0 0.599136 0.161369 0.239494
0 0.593049 0.161038 0.245913
0 0.581812 0.164117 0.254071
0 0.561366 0.164656 0.273977
0 0.545706 0.170703 0.283591
0 0.550204 0.169701 0.280095
0 0.573588 0.158681 0.267731
0 0.589362 0.155553 0.255086
0 0.592738 0.145958 0.261304
0 0.573951 0.154154 0.271896
0 0.570044 0.153108 0.276847
0 0.572784 0.153102 0.274114
0 0.594568 0.150335 0.255096
0 0.601296 0.15388 0.244824
0 0.592841 0.15582 0.251339
0 0.588884 0.160028 0.251089
0 0.587586 0.163299 0.249115
0 0.594914 0.161514 0.243573
0 0.589302 0.162561 0.248137
0 0.591837 0.164837 0.243326
0 0.593085 0.164503 0.242412
0 0.599059 0.162291 0.238649
0 0.601551 0.159841 0.238608
0 0.585724 0.160074 0.254203
0 0.58972 0.159674 0.250607
0 0.591852 0.159521 0.248627
0 0.582745 0.152036 0.265219
0 0.572194 0.15438 0.273426
0 0.58143 0.15589 0.26268
0 0.577316 0.157345 0.265339
0 0.573282 0.148743 0.277974
0 0.578121 0.14776 0.27412
0 0.576994 0.154711 0.268295
0 0.595987 0.143993 0.26002
0 0.585434 0.155719 0.258847
0 0.575201 0.159856 0.264943
0 0.563647 0.160524 0.275829
0 0.558241 0.160924 0.280834
0 0.548599 0.161807 0.289595
0 0.540924 0.159879 0.299197
0 0.534401 0.158403 0.307196
0 0.543416 0.156546 0.300038
0 0.552044 0.149946 0.29801
0 0.565871 0.134023 0.300106
0 0.571235 0.137423 0.291343
0 0.585401 0.128556 0.286043
0 0.585083 0.128646 0.286271
0 0.578278 0.135706 0.286016
0 0.567277 0.144756 0.287966
0 0.572184 0.144341 0.283475
0 0.564912 0.152218 0.28287
0 0.581844 0.150541 0.267615
0 0.550143 0.158809 0.291048
0 0.529236 0.159252 0.311512
0 0.526769 0.163525 0.309707
0 0.553779 0.159458 0.286764
0 0.582268 0.150206 0.267527
0 0.559475 0.150177 0.290348
0 0.556609 0.137398 0.305993
0 0.537177 0.163226 0.299598
0 0.546193 0.153133 0.300674
0 0.579604 0.138361 0.282035
0 0.57293 0.155216 0.271853
0 0.575548 0.153328 0.271124
0 0.57621 0.152861 0.270929
0 0.577843 0.160616 0.261541
0 0.580403 0.160414 0.259183
0 0.582977 0.161592 0.255431
0 0.583924 0.161289 0.254787
0 0.590897 0.163793 0.245309
0 0.589372 0.164417 0.246211
0 0.586567 0.166971 0.246462
0 0.587959 0.165414 0.246627
0 0.589923 0.162938 0.247139
0 0.595364 0.167119 0.237517
0 0.589193 0.165324 0.245483
0 0.584385 0.166165 0.24945
0 0.580443 0.166316 0.253241
0 0.591178 0.163685 0.245137
0 0.599795 0.163649 0.236557
0 0.595072 0.165008 0.23992
0 0.588332 0.165609 0.24606
0 0.58958 0.166104 0.244315
0 0.592624 0.167195 0.240182
0 0.575398 0.162402 0.2622
0 0.539806 0.166655 0.293539
0 0.536672 0.166019 0.297309
0 0.55852 0.163762 0.277718
0 0.593887 0.141243 0.26487
0 0.585497 0.141632 0.272871
0 0.551923 0.155484 0.292593
0 0.547118 0.144039 0.308843
0 0.527426 0.160135 0.312439
0 0.542065 0.144129 0.313805
0 0.528631 0.14192 0.329449
0 0.518221 0.147864 0.333915
0 0.542365 0.138965 0.31867
0 0.543584 0.141063 0.315353
0 0.520515 0.144197 0.335288
0 0.497181 0.15009 0.35273
0 0.491714 0.155671 0.352614
0 0.518552 0.152885 0.328563
0 0.536656 0.140201 0.323143
0 0.518073 0.140454 0.341473
0 0.482353 0.154491 0.363157
0 0.463882 0.172182 0.363936
0 0.44287 0.200079 0.357051
0 0.488508 0.173404 0.338089
0 0.524066 0.152555 0.323379
0 0.549246 0.14874 0.302015
0 0.549015 0.152584 0.298401
0 0.514479 0.163842 0.321679
0 0.505726 0.166186 0.328088
0 0.488377 0.175507 0.336116
0 0.522256 0.164555 0.313189
0 0.525275 0.180069 0.294656
0 0.527833 0.160509 0.311658
0 0.543631 0.155333 0.301035
0 0.548817 0.164032 0.28715
0 0.570853 0.153176 0.27597
0 0.55898 0.158366 0.282654
0 0.56781 0.160899 0.271291
0 0.567195 0.163392 0.269412
0 0.568301 0.163529 0.26817
0 0.549315 0.165455 0.28523
0 0.548593 0.158125 0.293283
0 0.564104 0.157591 0.278305
0 0.578753 0.157168 0.26408
0 0.569108 0.151752 0.27914
0 0.559858 0.155071 0.285071
0 0.541691 0.161312 0.296997
0 0.551587 0.151717 0.296696
0 0.555536 0.155875 0.288589
0 0.543422 0.152251 0.304327
0 0.549608 0.142146 0.308246
0 0.54993 0.151313 0.298757
0 0.542271 0.153534 0.304195
0 0.51669 0.151982 0.331328
0 0.498913 0.149921 0.351166
0 0.481554 0.18012 0.338326
0 0.516625 0.151912 0.331462
0 0.549639 0.132933 0.317428
0 0.541506 0.15086 0.307634
0 0.534292 0.137123 0.328585
0 0.520024 0.136867 0.343109
0 0.50103 0.16541 0.33356
0 0.494216 0.161952 0.343832
0 0.50437 0.145442 0.350188
0 0.499659 0.161879 0.338462
0 0.53095 0.155853 0.313197
0 0.533683 0.147439 0.318878
0 0.52321 0.146333 0.330457
0 0.535373 0.151741 0.312886
0 0.556496 0.156527 0.286977
0 0.567695 0.149353 0.282952
0 0.563192 0.155284 0.281524
0 0.561672 0.158633 0.279695
0 0.569268 0.160676 0.270056
0 0.579497 0.163259 0.257243
0 0.579687 0.163054 0.257259
0 0.577007 0.166845 0.256148
0 0.574973 0.167392 0.257635
0 0.584723 0.161974 0.253303
0 0.577077 0.1638 0.259123
0 0.565907 0.161548 0.272546
0 0.57224 0.161441 0.266318
0 0.592107 0.162376 0.245517
0 0.58759 0.157989 0.254421
0 0.58427 0.159481 0.256248
0 0.590156 0.162548 0.247296
0 0.592945 0.158877 0.248178
0 0.577712 0.157421 0.264866
0 0.567499 0.157878 0.274623
0 0.56926 0.153494 0.277245
0 0.572784 0.151296 0.27592
0 0.58002 0.146434 0.273545
0 0.587158 0.146697 0.266144
0 0.590678 0.156026 0.253295
0 0.56916 0.15794 0.2729
0 0.574512 0.156489 0.268999
0 0.563823 0.16555 0.270626
0 0.57668 0.161159 0.262161
0 0.570824 0.155971 0.273205
0 0.566039 0.155332 0.278629
0 0.58056 0.154949 0.264491
0 0.581466 0.152067 0.266467
0 0.593084 0.150846 0.25607
0 0.587946 0.157845 0.254209
0 0.585291 0.154515 0.260195
0 0.579566 0.155313 0.265121
0 0.578699 0.155604 0.265697
0 0.571703 0.152603 0.275694
0 0.565037 0.154061 0.280902
0 0.577484 0.152424 0.270092
0 0.581974 0.156162 0.261864
0 0.587713 0.152104 0.260184
0 0.565002 0.158499 0.276499
0 0.549807 0.152964 0.297229
0 0.526402 0.158323 0.315275
0 0.527615 0.157316 0.31507
0 0.535851 0.149257 0.314892
0 0.533261 0.144858 0.321881
0 0.525601 0.141934 0.332465
0 0.514968 0.148728 0.336304
0 0.501681 0.152207 0.346112
0 0.502924 0.14667 0.350406
0 0.525375 0.135743 0.338882
0 0.534944 0.138369 0.326687
0 0.565681 0.120772 0.313547
0 0.549725 0.133095 0.31718
0 0.499179 0.154305 0.346516
0 0.493278 0.143157 0.363565
0 0.506274 0.154406 0.33932
0 0.549605 0.146739 0.303656
0 0.571451 0.136971 0.291577
0 0.563018 0.143306 0.293676
0 0.567815 0.149953 0.282232
0 0.561174 0.160104 0.278722
0 0.566066 0.157563 0.276372
0 0.56718 0.158341 0.274479
0 0.570999 0.161377 0.267624
0 0.561231 0.159162 0.279607
0 0.572274 0.157261 0.270466
0 0.583758 0.157411 0.258831
0 0.576431 0.156102 0.267467
0 0.556734 0.155763 0.287503
0 0.54155 0.153218 0.305233
0 0.534721 0.15713 0.308149
0 0.533441 0.151757 0.314802
0 0.554642 0.139194 0.306164
0 0.559099 0.142007 0.298895
0 0.573451 0.130765 0.295783
0 0.565851 0.140764 0.293384
0 0.570311 0.143077 0.286613
0 0.564207 0.14912 0.286673
0 0.572396 0.152714 0.27489
0 0.577621 0.158362 0.264017
0 0.584934 0.160996 0.254069
0 0.582177 0.165702 0.252121
0 0.575822 0.165415 0.258763
0 0.569307 0.160959 0.269734
0 0.553948 0.158721 0.287331
0 0.550409 0.155992 0.293599
0 0.560375 0.155416 0.28421
0 0.567117 0.147775 0.285108
0 0.551588 0.146532 0.30188
0 0.549128 0.150803 0.300069
0 0.545462 0.151791 0.302747
0 0.557039 0.149279 0.293682
0 0.558544 0.15769 0.283766
0 0.544714 0.158433 0.296853
0 0.546066 0.156334 0.2976
0 0.542287 0.163356 0.294357
0 0.548803 0.157082 0.294115
0 0.549632 0.155927 0.29444
0 0.53971 0.156458 0.303832
0 0.517874 0.154022 0.328104
0 0.466391 0.166367 0.367241
0 0.46359 0.161551 0.374859
0 0.486996 0.167659 0.345345
0 0.530779 0.141323 0.327898
0 0.542519 0.130523 0.326958
0 0.545897 0.136275 0.317828
0 0.537824 0.147186 0.31499
0 0.538247 0.146019 0.315734
0 0.542519 0.150685 0.306797
0 0.543303 0.156755 0.299943
0 0.562201 0.153158 0.284641
0 0.551146 0.157234 0.291621
0 0.559367 0.154678 0.285955
0 0.559825 0.158013 0.282161
0 0.558736 0.155674 0.28559
0 0.561668 0.153108 0.285223
0 0.571639 0.157778 0.270583
0 0.564207 0.157007 0.278786
0 0.542423 0.155751 0.301827
0 0.543667 0.158356 0.297976
0 0.575273 0.153021 0.271705
0 0.573803 0.157417 0.26878
0 0.552141 0.158135 0.289723
0 0.54204 0.157584 0.300376
0 0.548038 0.157115 0.294847
0 0.562449 0.154593 0.282958
0 0.56157 0.152345 0.286085
0 0.550212 0.152886 0.296902
0 0.554748 0.154309 0.290943
0 0.54275 0.155407 0.301844
0 0.521947 0.149152 0.328902
0 0.493842 0.156915 0.349243
0 0.495298 0.153761 0.350941
0 0.52658 0.146612 0.326809
0 0.554666 0.147576 0.297758
0 0.562355 0.138172 0.299473
0 0.552404 0.151797 0.295799
0 0.546033 0.16404 0.289927
0 0.568488 0.159462 0.27205
0 0.570378 0.162345 0.267277
0 0.576978 0.159107 0.263915
0 0.571171 0.15955 0.269279
0 0.577056 0.158634 0.26431
0 0.583981 0.158564 0.257456
0 0.587794 0.159326 0.25288
0 0.574142 0.159279 0.266579
0 0.549123 0.157675 0.293202
0 0.553714 0.154727 0.291559
0 0.563211 0.153996 0.282793
0 0.571652 0.1538 0.274548
0 0.572451 0.153848 0.273702
0 0.565064 0.155565 0.279371
0 0.564644 0.155608 0.279748
0 0.570384 0.155378 0.274237
0 0.557349 0.153607 0.289044
0 0.508956 0.161502 0.329543
0 0.469426 0.159743 0.370831
0 0.484031 0.167439 0.34853
0 0.494468 0.162186 0.343346
0 0.519979 0.129002 0.351019
0 0.506886 0.150559 0.342555
0 0.527412 0.149287 0.323302
0 0.535151 0.142878 0.321971
0 0.528177 0.154116 0.317707
0 0.529981 0.153385 0.316634
0 0.495037 0.15749 0.347473
0 0.481966 0.154077 0.363957
0 0.496521 0.153809 0.34967
0 0.523782 0.144789 0.33143
0 0.529982 0.14115 0.328868
0 0.530484 0.143668 0.325847
0 0.518101 0.14886 0.333038
0 0.514073 0.145758 0.340169
0 0.532156 0.146858 0.320986
0 0.561184 0.149704 0.289112
0 0.565372 0.15203 0.282598
0 0.565936 0.15342 0.280644
0 0.564244 0.161066 0.27469
0 0.573325 0.162242 0.264433
0 0.564106 0.159826 0.276067
0 0.560367 0.160359 0.279274
0 0.567044 0.159537 0.273419
0 0.578417 0.155064 0.266519
0 0.576013 0.155033 0.268954
0 0.56994 0.15903 0.27103
0 0.581782 0.156709 0.261509
0 0.586453 0.159533 0.254014
0 0.57446 0.16027 0.26527
0 0.564464 0.161233 0.274303
0 0.563271 0.161029 0.2757
0 0.57495 0.15908 0.26597
0 0.577305 0.159404 0.263291
0 0.572945 0.164883 0.262172
0 0.560856 0.161664 0.27748
0 0.535279 0.158801 0.30592
0 0.511197 0.163098 0.325705
0 0.525977 0.158173 0.31585
0 0.553825 0.148544 0.29763
0 0.560192 0.151487 0.288321
0 0.554574 0.15832 0.287106
0 0.56255 0.162502 0.274947
0 0.550941 0.169739 0.27932
0 0.548595 0.169481 0.281925
0 0.543217 0.171244 0.28554
0 0.547144 0.166172 0.286684
0 0.549872 0.167898 0.28223
0 0.550911 0.163471 0.285618
0 0.557517 0.159204 0.28328
0 0.544734 0.16167 0.293597
0 0.524929 0.15957 0.315501
0 0.531729 0.159418 0.308852
0 0.518691 0.154039 0.32727
0 0.469665 0.152555 0.37778
0 0.435947 0.162692 0.401361
0 0.454012 0.162998 0.382989
0 0.486076 0.143337 0.370587
0 0.502526 0.143708 0.353766
0 0.469043 0.155443 0.375513
0 0.444129 0.150448 0.405422
-1 0.417327 0.163548 0.419126
0 0.435958 0.154244 0.409798
-1 0.421515 0.151937 0.426548
-1 0.389916 0.150532 0.459552
-1 0.400874 0.149082 0.450044
-1 0.375773 0.183429 0.440799
-1 0.371147 0.150923 0.47793
-1 0.35658 0.161048 0.482372
-1 0.348589 0.184503 0.466908
-1 0.392863 0.140539 0.466598
-1 0.403688 0.151747 0.444565
-1 0.424216 0.140004 0.43578
0 0.446285 0.138417 0.415298
-1 0.415362 0.15652 0.428118
-1 0.413871 0.149815 0.436314
-1 0.421743 0.155556 0.422701
0 0.477674 0.149732 0.372594
0 0.484404 0.149592 0.366004
0 0.496028 0.14195 0.362023
0 0.507264 0.159274 0.333462
0 0.516944 0.152982 0.330074
0 0.529967 0.151669 0.318364
0 0.531726 0.162727 0.305547
0 0.528733 0.156596 0.31467
0 0.529612 0.156826 0.313562
0 0.518764 0.160507 0.320728
0 0.506753 0.153772 0.339475
0 0.502415 0.152295 0.345289
0 0.498428 0.14887 0.352702
0 0.500726 0.141906 0.357369
0 0.47889 0.148332 0.372778
0 0.456318 0.14453 0.399152
-1 0.41893 0.152225 0.428845
-1 0.407447 0.148887 0.443666
-1 0.397759 0.152321 0.44992
-1 0.407299 0.142869 0.449833
0 0.437667 0.130194 0.432139
0 0.43648 0.136097 0.427423
-1 0.423272 0.13311 0.443618
-1 0.375464 0.144639 0.479897
-1 0.370597 0.145784 0.483619
-1 0.367132 0.173016 0.459852
-1 0.367671 0.148865 0.483464
-1 0.358147 0.156647 0.485206
-1 0.351046 0.173628 0.475326
-1 0.376678 0.146569 0.476753
-1 0.367753 0.160791 0.471455
-1 0.421963 0.140936 0.437101
0 0.444504 0.145193 0.410303
-1 0.420126 0.15086 0.429015
-1 0.402068 0.146819 0.451114
-1 0.376521 0.175702 0.447777
-1 0.365027 0.172834 0.462139
-1 0.362203 0.166238 0.471559
-1 0.358744 0.200826 0.44043
-1 0.346481 0.195468 0.458051
-1 0.332959 0.219029 0.448012
-1 0.332738 0.208718 0.458544
-1 0.378654 0.180233 0.441113
-1 0.394655 0.183782 0.421563
0 0.441639 0.145163 0.413198
-1 0.396858 0.186045 0.417097
-1 0.395876 0.173565 0.430559
-1 0.416109 0.165391 0.4185
0 0.468182 0.165001 0.366817
0 0.485836 0.159831 0.354333
0 0.495498 0.150204 0.354299
0 0.50207 0.163186 0.334744
0 0.508051 0.164319 0.32763
0 0.516402 0.15861 0.324988
0 0.50174 0.163505 0.334755
0 0.503344 0.156912 0.339744
0 0.5254 0.153548 0.321051
0 0.543197 0.159581 0.297221
0 0.508516 0.156293 0.335191
0 0.497881 0.153353 0.348766
0 0.505121 0.157929 0.336951
0 0.508484 0.153404 0.338111
0 0.477599 0.150282 0.372119
0 0.479165 0.150931 0.369904
0 0.520704 0.148727 0.330569
0 0.538516 0.144068 0.317416
0 0.536758 0.142425 0.320817
0 0.532315 0.151816 0.315869
0 0.542205 0.153778 0.304017
0 0.562247 0.148804 0.288949
0 0.568863 0.152421 0.278715
0 0.54673 0.152908 0.300362
0 0.513369 0.161987 0.324644
0 0.497984 0.159838 0.342178
0 0.534221 0.160499 0.30528
0 0.538604 0.153212 0.308184
0 0.548421 0.146607 0.304972
0 0.518336 0.155532 0.326132
0 0.499647 0.153991 0.346363
0 0.479134 0.151681 0.369185
0 0.472296 0.152494 0.37521
0 0.478297 0.146981 0.374722
0 0.463626 0.136592 0.399782
0 0.43261 0.160455 0.406935
0 0.426771 0.150341 0.422888
0 0.463369 0.139456 0.397175
0 0.499957 0.137071 0.362972
0 0.521427 0.128681 0.349892
0 0.513919 0.136693 0.349389
0 0.514141 0.15224 0.333619
0 0.515384 0.156285 0.32833
0 0.547236 0.150428 0.302336
0 0.546515 0.155878 0.297607
0 0.562972 0.15526 0.281767
0 0.55606 0.155606 0.288335
0 0.558737 0.154928 0.286334
0 0.506726 0.161489 0.331785
0 0.472117 0.156259 0.371624
0 0.501844 0.153884 0.344271
0 0.532973 0.148648 0.318379
0 0.52036 0.133624 0.346016
0 0.506712 0.140691 0.352597
0 0.492179 0.158404 0.349416
0 0.485274 0.148632 0.366094
0 0.475045 0.154056 0.370898
0 0.464783 0.155272 0.379945
0 0.498248 0.145554 0.356198
0 0.531076 0.145538 0.323386
0 0.540557 0.142709 0.316734
0 0.545823 0.152586 0.301591
0 0.552476 0.159348 0.288176
0 0.5594 0.158611 0.281989
0 0.562729 0.160086 0.277185
0 0.555149 0.155965 0.288887
0 0.532577 0.154966 0.312457
0 0.518173 0.153607 0.32822
0 0.538286 0.146468 0.315245
0 0.564613 0.142197 0.293191
0 0.564195 0.144949 0.290857
0 0.541019 0.149219 0.309762
0 0.516179 0.151171 0.33265
0 0.506538 0.145329 0.348133
0 0.526672 0.141669 0.331659
0 0.551045 0.138632 0.310323
0 0.55281 0.137897 0.309293
0 0.557042 0.146576 0.296382
0 0.564213 0.151927 0.28386
0 0.553909 0.152401 0.293689
0 0.528565 0.155414 0.316021
0 0.522034 0.157004 0.320962
0 0.536003 0.148375 0.315622
0 0.543632 0.142578 0.31379
0 0.537299 0.142803 0.319898
0 0.514604 0.147108 0.338288
0 0.479355 0.145538 0.375108
0 0.46213 0.144788 0.393082
0 0.469909 0.151246 0.378845
0 0.492689 0.140841 0.36647
0 0.462237 0.139889 0.397873
0 0.442332 0.140949 0.416718
0 0.469293 0.15041 0.380297
0 0.511678 0.14457 0.343752
0 0.519754 0.146148 0.334099
0 0.512198 0.156653 0.331148
0 0.505325 0.162373 0.332302
0 0.489789 0.160911 0.3493
0 0.467599 0.155291 0.37711
0 0.432889 0.158789 0.408322
-1 0.411553 0.154207 0.43424
0 0.428346 0.146948 0.424707
-1 0.422695 0.148657 0.428648
-1 0.425227 0.135365 0.439408
0 0.446366 0.141154 0.412479
-1 0.421685 0.149308 0.429007
-1 0.411667 0.139187 0.449146
-1 0.407899 0.15664 0.43546
0 0.447216 0.147775 0.405009
0 0.471797 0.140556 0.387647
0 0.432407 0.15021 0.417383
0 0.439344 0.149317 0.411338
0 0.439061 0.156256 0.404683
0 0.434569 0.145072 0.42036
-1 0.418259 0.142414 0.439327
-1 0.421546 0.154077 0.424378
0 0.469721 0.143851 0.386429
0 0.482284 0.154044 0.363671
0 0.475852 0.15821 0.365938
0 0.469284 0.1673 0.363416
0 0.436917 0.17617 0.386914
0 0.425512 0.173966 0.400522
0 0.449503 0.162117 0.38838
0 0.463954 0.151379 0.384667
0 0.453767 0.148901 0.397332
0 0.427277 0.153676 0.419047
-1 0.394387 0.151188 0.454424
-1 0.382687 0.157643 0.459671
-1 0.3743 0.151217 0.474483
-1 0.399964 0.142172 0.457864
-1 0.38744 0.150211 0.462349
-1 0.356445 0.142353 0.501201
-1 0.349663 0.14955 0.500787
-1 0.387409 0.146101 0.46649
-1 0.421379 0.138741 0.43988
-1 0.380777 0.141409 0.477813
-1 0.369882 0.14062 0.489498
-1 0.373122 0.162471 0.464407
-1 0.407834 0.14471 0.447456
-1 0.429486 0.137725 0.432788
0 0.436853 0.149492 0.413655
0 0.445847 0.145069 0.409084
-1 0.415323 0.150887 0.43379
-1 0.388106 0.154081 0.457813
-1 0.364452 0.159885 0.475664
-1 0.325783 0.18193 0.492287
-1 0.301728 0.168436 0.529836
-1 0.294507 0.182201 0.523293
-1 0.296832 0.209672 0.493497
-1 0.310123 0.155193 0.534685
-1 0.325299 0.170802 0.503899
-1 0.318379 0.176616 0.505004
-1 0.330823 0.151282 0.517895
-1 0.302522 0.182704 0.514774
-1 0.305815 0.169095 0.52509
-1 0.315366 0.162943 0.521691
-1 0.370227 0.152941 0.476832
-1 0.41216 0.146491 0.441348
-1 0.415132 0.142025 0.442842
-1 0.427116 0.143279 0.429605
0 0.430526 0.164433 0.405041
-1 0.390743 0.168519 0.440738
-1 0.376481 0.160041 0.463478
-1 0.391016 0.172466 0.436518
0 0.42218 0.165485 0.412335
0 0.428609 0.148127 0.423264
-1 0.386999 0.159826 0.453175
-1 0.367245 0.165442 0.467313
-1 0.33612 0.204424 0.459457
-1 0.302748 0.189082 0.508171
-1 0.310566 0.187654 0.50178
-1 0.332025 0.209211 0.458763
-1 0.375318 0.157104 0.467579
-1 0.367693 0.15803 0.474277
-1 0.359687 0.173905 0.466407
-1 0.355604 0.184878 0.459517
-1 0.362889 0.174398 0.462713
-1 0.358006 0.173871 0.468123
-1 0.338737 0.194413 0.46685
-1 0.331841 0.184957 0.483202
-1 0.301121 0.231409 0.46747
-1 0.31393 0.209155 0.476915
-1 0.309551 0.224235 0.466214
-1 0.334192 0.213653 0.452155
-1 0.367757 0.193881 0.438362
-1 0.325166 0.228346 0.446488
-1 0.326522 0.199424 0.474054
-1 0.301188 0.219623 0.479189
-1 0.287629 0.268312 0.444059
-1 0.322253 0.210231 0.467516
-1 0.326312 0.19815 0.475538
-1 0.293544 0.272829 0.433627
-1 0.307998 0.235847 0.456155
-1 0.315549 0.205395 0.479056
-1 0.307542 0.244845 0.447614
-1 0.320214 0.247933 0.431853
-1 0.340534 0.214859 0.444606
