labels 0 -1 1
-1 0.393376 0.582011 0.0246131
-1 0.0220092 0.977799 0.000192241
0 0.516039 0.173003 0.310958
1 0.151025 0.00107703 0.847898
0 0.687582 0.0765255 0.235892
0 0.823823 0.145325 0.0308515
1 0.407672 0.00798232 0.584346
0 0.583898 0.401461 0.014641
0 0.573307 0.230629 0.196063
-1 0.419822 0.54042 0.0397582
0 0.575627 0.218415 0.205958
1 0.23182 0.00371887 0.764461
1 0.33208 0.00353721 0.664383
0 0.929112 0.0323008 0.0385871
0 0.67149 0.0100805 0.31843
0 0.955048 0.006343 0.0386094
0 0.911229 0.0112816 0.0774899
0 0.976729 0.00307425 0.0201967
-1 0.356565 0.642645 0.000789809
0 0.539987 0.457633 0.00237988
0 0.800129 0.107293 0.0925771
0 0.54861 0.00533183 0.446059
0 0.857563 0.0239279 0.11851
0 0.936737 0.00600586 0.0572567
-1 0.422231 0.574917 0.00285234
0 0.898 0.0685085 0.0334911
0 0.539349 0.449028 0.0116231
0 0.721984 0.100328 0.177688
0 0.949482 0.0318123 0.0187059
0 0.921538 0.0113735 0.067088
0 0.991827 0.00137931 0.00679365
0 0.978801 0.0021553 0.0190436
0 0.969779 0.0282058 0.00201513
0 0.946502 0.0346889 0.018809
0 0.90421 0.0839024 0.011888
0 0.917349 0.0175181 0.0651325
0 0.630004 0.213508 0.156488
0 0.84894 0.0348076 0.116253
-1 0.263255 0.730086 0.0066591
-1 0.28962 0.698981 0.0113994
-1 0.463336 0.478745 0.0579196
0 0.495555 0.0259455 0.4785
0 0.940917 0.014273 0.0448096
-1 0.43743 0.51806 0.0445104
0 0.940031 0.0248836 0.0350851
1 0.188239 0.000715218 0.811046
0 0.534031 0.00934669 0.456623
0 0.965383 0.00799454 0.0266222
0 0.982666 0.0123886 0.00494548
0 0.94143 0.0183869 0.0401832
0 0.65427 0.341377 0.00435276
0 0.488294 0.441555 0.0701506
-1 0.042723 0.956966 0.000310911
0 0.574677 0.221295 0.204028
-1 0.234967 0.631262 0.133771
-1 0.261091 0.624816 0.114093
1 0.350147 0.0188061 0.631047
0 0.888189 0.0193828 0.0924278
0 0.545441 0.413228 0.0413318
1 0.198581 0.0662329 0.735186
0 0.677816 0.00557309 0.31661
0 0.585574 0.137762 0.276664
0 0.931021 0.014069 0.0549098
-1 0.112764 0.887048 0.000187908
1 0.0916886 0.00117126 0.90714
-1 0.253056 0.745752 0.00119268
-1 0.412753 0.531368 0.0558783
0 0.829583 0.150798 0.0196182
0 0.561642 0.0282943 0.410064
1 0.0428821 0.000126711 0.956991
1 0.0531939 0.00164098 0.945165
0 0.983217 0.00260892 0.0141745
0 0.829837 0.126632 0.0435317
0 0.843005 0.155313 0.00168207
-1 0.311242 0.685833 0.00292536
0 0.845255 0.106477 0.0482686
0 0.627721 0.361772 0.0105067
0 0.772215 0.156624 0.0711618
-1 0.363847 0.629612 0.00654082
0 0.544264 0.367033 0.0887031
0 0.503351 0.436379 0.0602698
0 0.577199 0.394675 0.0281258
1 0.350288 0.00202082 0.647691
-1 0.276446 0.692747 0.0308073
0 0.693744 0.276783 0.0294737
0 0.490331 0.118974 0.390694
1 0.21407 0.00362298 0.782307
0 0.855807 0.141101 0.00309159
-1 0.217073 0.769782 0.0131447
0 0.701892 0.107893 0.190215
0 0.637918 0.0551518 0.306931
0 0.689 0.106723 0.204277
1 0.473476 0.0420151 0.484508
1 0.204691 0.00237338 0.792935
1 0.193327 0.00409001 0.802583
-1 0.405658 0.584092 0.0102493
0 0.707361 0.237716 0.0549231
0 0.549031 0.431124 0.019845
-1 0.0130684 0.986647 0.000284957
0 0.476818 0.461114 0.0620679
0 0.398713 0.229681 0.371606
-1 0.133658 0.85992 0.00642193
1 0.353072 0.0325155 0.614413
0 0.67783 0.0844192 0.237751
0 0.691923 0.151303 0.156774
0 0.5994 0.383733 0.0168674
0 0.800993 0.117321 0.0816863
0 0.823102 0.168235 0.00866268
0 0.550445 0.43918 0.0103751
1 0.0652584 0.000208977 0.934533
0 0.958624 0.0243988 0.0169771
0 0.904049 0.0456129 0.0503378
0 0.592047 0.0038513 0.404102
0 0.981239 0.0158655 0.00289541
-1 0.0377895 0.962056 0.000154287
0 0.799147 0.00971449 0.191139
1 0.347968 0.0212358 0.630796
0 0.808856 0.0787255 0.112419
0 0.668549 0.0647837 0.266667
-1 0.400894 0.53623 0.0628767
0 0.783404 0.0680257 0.14857
-1 0.0087996 0.990394 0.000806624
-1 0.305264 0.368975 0.325761
1 0.153855 0.00131594 0.844829
0 0.605924 0.270967 0.123109
0 0.906362 0.0407839 0.0528537
0 0.572211 0.425578 0.00221128
0 0.805044 0.192172 0.00278366
-1 0.290075 0.67834 0.0315849
0 0.584886 0.0829028 0.332211
-1 0.250709 0.733737 0.0155544
-1 0.0304571 0.95593 0.0136127
-1 0.19232 0.797881 0.0097988
-1 0.0383968 0.957237 0.0043658
-1 0.139484 0.849086 0.01143
-1 0.162044 0.649953 0.188003
1 0.130162 0.21 0.659837
1 0.121016 0.192046 0.686938
-1 0.00969636 0.989381 0.000922712
1 0.162032 0.309669 0.528299
1 0.174453 0.109027 0.71652
-1 0.00637605 0.992656 0.000967914
-1 0.160399 0.546142 0.293459
-1 0.0891622 0.484143 0.426694
-1 0.0127458 0.97938 0.00787456
-1 0.00806335 0.93497 0.0569662
1 0.136068 0.185343 0.678589
1 0.0176226 0.0184941 0.963883
-1 0.00845112 0.990139 0.00140948
-1 0.0494748 0.856017 0.0945082
-1 0.0169349 0.977768 0.00529755
-1 0.0124841 0.906331 0.0811848
-1 3.44475e-06 0.999203 0.000793862
-1 0.000393078 0.926197 0.0734098
1 2.45583e-07 1.9127e-07 1
1 0.00311167 0.432253 0.564635
-1 0.0353458 0.864825 0.0998294
1 0.0281829 0.208357 0.76346
1 0.0506123 0.22106 0.728328
-1 0.0154478 0.910006 0.0745461
1 0.0158332 0.0567638 0.927403
-1 0.0533379 0.832793 0.113869
-1 0.0147636 0.590894 0.394343
-1 0.0713498 0.691417 0.237233
-1 0.177697 0.662478 0.159825
1 1.5482e-06 8.16833e-07 0.999998
1 0.337486 0.181123 0.481391
1 0.228005 0.0150587 0.756936
0 0.573807 0.0201761 0.406017
0 0.758592 0.0716061 0.169801
0 0.515185 0.00496871 0.479847
0 0.573672 0.0147923 0.411536
0 0.761406 0.0305095 0.208085
-1 0.156532 0.841368 0.00210017
0 0.846218 0.0893141 0.0644684
-1 0.0142753 0.985706 1.82301e-05
-1 0.30262 0.690157 0.00722303
0 0.550493 0.303385 0.146122
1 0.359215 0.0768732 0.563912
1 0.0668474 0.000672204 0.93248
0 0.933503 0.0100143 0.0564826
0 0.964944 0.024113 0.0109433
0 0.942619 0.0331583 0.0242228
0 0.754438 0.00288999 0.242672
0 0.852059 0.0783663 0.0695748
1 0.376105 0.0127542 0.611141
0 0.938028 0.0231149 0.0388571
0 0.689805 0.243557 0.0666377
0 0.626837 0.0068922 0.366271
0 0.809053 0.105658 0.0852882
0 0.690749 0.00809663 0.301155
0 0.905926 0.00476917 0.0893045
0 0.74503 0.250161 0.00480883
-1 0.306773 0.625195 0.0680321
1 0.284798 0.00283159 0.712371
0 0.892444 0.00150017 0.106056
0 0.909705 0.0699292 0.0203662
0 0.652061 0.334496 0.0134431
-1 0.100464 0.899325 0.000210879
-1 0.435928 0.55384 0.0102311
0 0.729074 0.0393434 0.231582
1 0.350746 0.000537218 0.648717
1 0.115344 0.000368472 0.884288
0 0.964502 0.0259769 0.00952092
-1 0.145435 0.852024 0.00254075
0 0.503668 0.485599 0.0107328
-1 0.2165 0.781241 0.00225928
-1 0.0251809 0.973905 0.000913944
-1 0.41297 0.499326 0.0877039
-1 0.168751 0.829354 0.00189556
-1 0.28336 0.547635 0.169005
1 0.158025 0.0254551 0.816519
-1 0.414172 0.583629 0.00219817
0 0.652999 0.0174758 0.329525
0 0.965934 0.0149707 0.019095
0 0.902203 0.0121212 0.0856754
-1 0.478944 0.499703 0.0213539
0 0.770904 0.189501 0.0395947
1 0.487966 0.00203452 0.509999
-1 0.435541 0.561879 0.00257998
-1 0.0782105 0.905049 0.0167407
1 0.330089 0.000264377 0.669646
0 0.895112 0.0428227 0.0620649
0 0.903609 0.0543988 0.041992
0 0.860868 0.122397 0.0167347
0 0.74605 0.0166381 0.237311
-1 0.123106 0.873713 0.00318108
-1 0.22235 0.774857 0.00279312
0 0.750244 0.200067 0.0496892
-1 0.193958 0.787926 0.0181159
0 0.512112 0.466047 0.0218416
-1 0.472548 0.495361 0.0320907
0 0.923597 0.0404901 0.0359128
0 0.593671 0.0194582 0.386871
0 0.928233 0.0591445 0.0126227
0 0.89184 0.0702474 0.0379128
0 0.931481 0.0092289 0.0592899
0 0.955588 0.0302532 0.0141585
0 0.933069 0.0218376 0.0450939
0 0.987732 0.00339634 0.00887189
0 0.960557 0.0183387 0.0211046
0 0.653958 0.334211 0.0118305
0 0.495987 0.495109 0.00890406
0 0.796316 0.133103 0.0705817
