labels 0 -1 1
0 0.52736 0.224768 0.247872
1 0.356933 0.261355 0.381712
1 0.184521 0.253982 0.561497
-1 0.201483 0.636153 0.162364
0 0.478979 0.169513 0.351508
1 0.313403 0.271913 0.414685
-1 0.242049 0.469698 0.288252
1 0.414499 0.15654 0.428962
1 0.153949 0.416792 0.429259
1 0.22488 0.33728 0.43784
1 0.132062 0.249003 0.618935
1 0.203258 0.326566 0.470176
0 0.444896 0.187818 0.367286
0 0.446401 0.437605 0.115994
0 0.620791 0.234233 0.144976
0 0.611311 0.246648 0.142041
0 0.555636 0.298232 0.146132
0 0.546671 0.187593 0.265736
0 0.510975 0.211599 0.277426
1 0.295523 0.273897 0.430581
-1 0.183372 0.42057 0.396058
1 0.253336 0.323563 0.423102
0 0.388601 0.25139 0.360008
0 0.568893 0.243159 0.187947
0 0.613926 0.182696 0.203379
-1 0.222188 0.448821 0.328991
-1 0.255019 0.441367 0.303614
1 0.204662 0.371107 0.424231
0 0.353635 0.299216 0.347148
0 0.377732 0.328245 0.294023
0 0.628594 0.121543 0.249862
0 0.671282 0.229895 0.0988224
0 0.763023 0.162444 0.0745331
0 0.588559 0.229147 0.182294
0 0.49643 0.23212 0.271451
0 0.420386 0.259701 0.319913
-1 0.320046 0.380948 0.299006
-1 0.34768 0.35378 0.29854
0 0.484624 0.191307 0.324069
1 0.209784 0.367753 0.422462
-1 0.295732 0.51191 0.192358
1 0.198658 0.330759 0.470583
0 0.394031 0.288304 0.317665
0 0.447367 0.264755 0.287877
1 0.217585 0.265715 0.5167
1 0.309143 0.264156 0.426701
0 0.536528 0.346375 0.117097
0 0.678364 0.155278 0.166357
0 0.656221 0.210517 0.133262
0 0.622461 0.235922 0.141616
0 0.476395 0.235217 0.288388
-1 0.241372 0.405431 0.353197
1 0.212422 0.391218 0.39636
-1 0.203343 0.567387 0.229271
1 0.126024 0.390181 0.483795
1 0.198751 0.297582 0.503666
-1 0.25451 0.540497 0.204994
1 0.32634 0.277665 0.395995
-1 0.317871 0.359312 0.322817
-1 0.176796 0.412707 0.410497
1 0.346848 0.179136 0.474016
0 0.433538 0.20805 0.358412
0 0.466516 0.305231 0.228253
0 0.38573 0.3539 0.26037
-1 0.0707111 0.510237 0.419052
1 0.406641 0.126895 0.466464
1 0.167981 0.406976 0.425043
1 0.215237 0.308792 0.475971
1 0.164723 0.373941 0.461336
1 0.365936 0.216619 0.417445
0 0.857937 0.0543093 0.0877535
0 0.650602 0.12026 0.229138
0 0.545949 0.187373 0.266678
0 0.485945 0.337922 0.176133
1 0.295756 0.262438 0.441806
1 0.228773 0.31308 0.458147
-1 0.207892 0.478888 0.313219
-1 0.20651 0.403311 0.390179
-1 0.198668 0.404699 0.396633
-1 0.218033 0.655709 0.126258
-1 0.165737 0.65943 0.174833
1 0.197401 0.322744 0.479855
1 0.142419 0.255157 0.602425
1 0.203483 0.361939 0.434577
-1 0.218568 0.565419 0.216012
1 0.171153 0.265291 0.563556
1 0.16386 0.322594 0.513546
1 0.346669 0.243771 0.40956
-1 0.145775 0.480659 0.373566
-1 0.198085 0.586481 0.215434
1 0.221434 0.317098 0.461468
-1 0.172313 0.434571 0.393116
1 0.239852 0.340963 0.419184
1 0.240756 0.35833 0.400913
0 0.51426 0.250932 0.234808
1 0.360591 0.252843 0.386566
-1 0.191862 0.454006 0.354132
1 0.119196 0.391815 0.488989
-1 0.168691 0.593264 0.238044
-1 0.206535 0.513376 0.280089
-1 0.154092 0.480327 0.365582
1 0.1061 0.386989 0.506911
-1 0.141807 0.567778 0.290415
1 0.139898 0.286321 0.57378
1 0.127137 0.340124 0.53274
1 0.11068 0.314583 0.574737
-1 0.169051 0.546274 0.284675
1 0.114867 0.278754 0.606379
-1 0.119598 0.594475 0.285927
-1 0.162176 0.547966 0.289858
1 0.166993 0.373314 0.459693
1 0.24612 0.306619 0.447261
-1 0.234934 0.399464 0.365602
0 0.555826 0.148801 0.295373
-1 0.306235 0.426292 0.267473
1 0.141536 0.29012 0.568344
1 0.177559 0.363791 0.45865
1 0.281748 0.293965 0.424286
1 0.204177 0.387299 0.408523
1 0.314052 0.289065 0.396883
-1 0.156573 0.461452 0.381975
1 0.218149 0.285246 0.496605
-1 0.187935 0.476422 0.335643
1 0.121368 0.354259 0.524373
1 0.140082 0.310956 0.548962
1 0.137767 0.362353 0.499879
-1 0.169381 0.486558 0.34406
1 0.139203 0.28914 0.571658
1 0.119242 0.367851 0.512907
1 0.0781374 0.363678 0.558184
1 0.113358 0.372897 0.513745
1 0.112115 0.277527 0.610358
1 0.121148 0.305343 0.573509
-1 0.13557 0.560933 0.303497
-1 0.149858 0.546729 0.303413
1 0.110559 0.249508 0.639933
-1 0.158425 0.513133 0.328442
1 0.128221 0.395171 0.476609
1 0.108634 0.397988 0.493377
1 0.115305 0.202068 0.682627
1 0.113221 0.231631 0.655147
1 0.117014 0.371281 0.511706
-1 0.183651 0.441799 0.374549
1 0.0890862 0.314618 0.596296
1 0.108002 0.42143 0.470568
1 0.101463 0.224155 0.674381
1 0.126903 0.181084 0.692013
1 0.103366 0.228971 0.667664
-1 0.0956587 0.487644 0.416697
-1 0.176418 0.429995 0.393587
-1 0.144526 0.486114 0.36936
1 0.157361 0.360333 0.482306
1 0.215714 0.145847 0.638439
1 0.182215 0.296882 0.520904
-1 0.0739131 0.480339 0.445748
1 0.0396767 0.357736 0.602587
1 0.0514227 0.446028 0.502549
1 0.0836372 0.386694 0.529669
-1 0.170587 0.504971 0.324442
-1 0.125664 0.571512 0.302823
-1 0.0797938 0.515029 0.405177
-1 0.11384 0.508374 0.377787
-1 0.134188 0.529293 0.33652
-1 0.0974514 0.481319 0.42123
-1 0.138737 0.437523 0.42374
-1 0.232118 0.568778 0.199104
1 0.238512 0.300842 0.460646
-1 0.206305 0.444078 0.349618
-1 0.273469 0.4041 0.322432
1 0.284551 0.329163 0.386286
-1 0.196078 0.428899 0.375023
0 0.413053 0.270223 0.316724
0 0.421108 0.211268 0.367624
0 0.443994 0.249314 0.306692
1 0.130444 0.386761 0.482796
1 0.22858 0.344248 0.427172
-1 0.22699 0.52782 0.24519
-1 0.232921 0.493673 0.273407
1 0.20877 0.245451 0.545779
-1 0.19511 0.44718 0.35771
1 0.269903 0.114684 0.615413
-1 0.223467 0.421413 0.35512
0 0.444043 0.418994 0.136963
0 0.387505 0.300105 0.31239
1 0.379307 0.21528 0.405413
-1 0.291332 0.360206 0.348462
0 0.432738 0.278967 0.288294
1 0.342343 0.31202 0.345637
0 0.393595 0.307043 0.299362
0 0.485394 0.206237 0.308368
0 0.441817 0.289299 0.268884
0 0.509052 0.23585 0.255098
0 0.503319 0.23669 0.259992
-1 0.178491 0.62856 0.192949
1 0.233355 0.325379 0.441266
0 0.539956 0.179062 0.280983
0 0.681621 0.147219 0.17116
-1 0.279539 0.438359 0.282103
1 0.203337 0.360345 0.436318
-1 0.26912 0.599054 0.131826
1 0.259173 0.241619 0.499208
1 0.195925 0.383433 0.420641
0 0.650824 0.123904 0.225272
0 0.709036 0.119574 0.171391
0 0.49061 0.357116 0.152274
1 0.174948 0.387353 0.437699
-1 0.130588 0.448749 0.420663
1 0.108518 0.380659 0.510823
-1 0.170177 0.588354 0.241469
1 0.156034 0.364163 0.479803
-1 0.195701 0.619293 0.185006
1 0.142721 0.384728 0.472551
-1 0.208368 0.406284 0.385349
-1 0.0981049 0.529305 0.37259
1 0.246711 0.30533 0.447959
-1 0.190673 0.428869 0.380458
-1 0.281404 0.386962 0.331633
1 0.186271 0.347272 0.466456
1 0.16398 0.352429 0.483591
0 0.372463 0.28054 0.346998
-1 0.104664 0.452691 0.442645
1 0.126241 0.327121 0.546638
1 0.309854 0.22137 0.468776
1 0.252252 0.348888 0.39886
1 0.28033 0.355342 0.364329
1 0.157328 0.38323 0.459443
0 0.422196 0.317904 0.2599
1 0.108721 0.396949 0.494331
-1 0.198131 0.582893 0.218976
1 0.146737 0.305129 0.548133
-1 0.152291 0.589919 0.257791
1 0.114496 0.341815 0.543689
1 0.114028 0.326339 0.559633
-1 0.159173 0.515841 0.324986
1 0.26878 0.321362 0.409858
1 0.181535 0.352316 0.466149
1 0.25499 0.366119 0.378891
1 0.293343 0.259963 0.446694
1 0.323559 0.326912 0.349529
-1 0.31934 0.375241 0.305419
-1 0.399663 0.505062 0.0952754
-1 0.361082 0.409955 0.228963
1 0.205024 0.347297 0.447679
1 0.142497 0.360431 0.497072
