labels 0 -1 1
-1 0.101259 0.559427 0.339313
-1 0.373823 0.404594 0.221583
0 0.470829 0.291635 0.237536
0 0.428663 0.237778 0.333558
0 0.474183 0.057103 0.468714
0 0.467726 0.360961 0.171313
-1 0.25804 0.493148 0.248812
0 0.460036 0.105586 0.434377
1 0.272521 0.224735 0.502743
-1 0.358644 0.379084 0.262272
1 0.0775237 0.355775 0.566701
1 0.131372 0.399525 0.469103
0 0.425757 0.324912 0.249332
0 0.494516 0.292975 0.212508
0 0.481079 0.474317 0.044604
0 0.437808 0.42446 0.137731
-1 0.164269 0.523875 0.311855
1 0.260128 0.311129 0.428743
1 0.132209 0.382896 0.484895
-1 0.139165 0.455711 0.405123
-1 0.15171 0.509607 0.338683
1 0.26249 0.145876 0.591633
0 0.348119 0.322673 0.329208
-1 0.284421 0.383158 0.332421
-1 0.237293 0.52045 0.242257
-1 0.204992 0.482063 0.312945
1 0.154596 0.370592 0.474813
1 0.131485 0.195589 0.672926
1 0.178183 0.409771 0.412046
-1 0.148216 0.519425 0.332359
0 0.432931 0.190387 0.376682
1 0.366196 0.23006 0.403743
0 0.517448 0.409771 0.0727807
-1 0.282371 0.527426 0.190203
-1 0.214178 0.411127 0.374695
-1 0.179669 0.51761 0.302721
-1 0.175695 0.586795 0.237509
1 0.354115 0.241377 0.404508
1 0.36876 0.212503 0.418737
1 0.261298 0.277322 0.461381
0 0.6492 0.255709 0.0950913
1 0.211272 0.137944 0.650784
0 0.43475 0.338349 0.226901
0 0.386473 0.306542 0.306985
1 0.101309 0.358538 0.540153
1 0.170843 0.17477 0.654387
0 0.616118 0.227401 0.156481
0 0.56663 0.257206 0.176164
-1 0.434304 0.494539 0.0711568
1 0.314524 0.289621 0.395854
-1 0.302635 0.368273 0.329092
-1 0.188081 0.547318 0.264601
-1 0.192681 0.43449 0.372829
0 0.378549 0.282958 0.338492
1 0.262101 0.295788 0.442111
-1 0.200494 0.58302 0.216486
1 0.344513 0.308766 0.346721
1 0.35967 0.150025 0.490305
-1 0.33803 0.460906 0.201064
-1 0.275805 0.445372 0.278823
-1 0.324786 0.352396 0.322817
1 0.339458 0.268888 0.391654
1 0.370638 0.213772 0.41559
-1 0.248371 0.55706 0.194569
1 0.110981 0.373649 0.515371
0 0.744818 0.0769621 0.17822
-1 0.114152 0.594494 0.291355
0 0.421044 0.352423 0.226533
1 0.117581 0.352967 0.529452
1 0.377921 0.235593 0.386486
0 0.897173 0.0253597 0.0774673
0 0.903061 0.0923593 0.00457966
0 0.686096 0.0845772 0.229327
0 0.468513 0.196716 0.334771
1 0.191241 0.163791 0.644968
1 0.194811 0.270007 0.535183
1 0.217017 0.381239 0.401744
1 0.183227 0.147559 0.669214
1 0.0999855 0.380771 0.519244
-1 0.140194 0.56961 0.290196
1 0.197012 0.280432 0.522556
-1 0.121295 0.66343 0.215275
-1 0.0793135 0.687765 0.232921
1 0.12738 0.264415 0.608205
-1 0.277254 0.457557 0.265189
1 0.251454 0.249234 0.499312
-1 0.228672 0.566538 0.204791
0 0.606543 0.166657 0.2268
-1 0.181811 0.469683 0.348506
0 0.497541 0.268732 0.233727
1 0.0941786 0.21272 0.693101
-1 0.0991248 0.79095 0.109925
1 0.103162 0.251028 0.64581
-1 0.12026 0.687336 0.192404
-1 0.295385 0.415573 0.289041
-1 0.323671 0.364324 0.312005
-1 0.0807621 0.625001 0.294237
1 0.164153 0.394701 0.441146
1 0.207685 0.267401 0.524914
0 0.525302 0.376862 0.0978365
-1 0.364924 0.41432 0.220757
0 0.487174 0.40308 0.109746
-1 0.378486 0.37976 0.241754
1 0.166627 0.249877 0.583496
-1 0.187686 0.56378 0.248534
1 0.0970491 0.398684 0.504267
-1 0.238789 0.411348 0.349863
-1 0.136035 0.471017 0.392948
-1 0.158501 0.622199 0.219299
0 0.564063 0.143495 0.292441
-1 0.103562 0.711931 0.184507
0 0.401352 0.393015 0.205633
-1 0.213259 0.600812 0.185929
0 0.766793 0.0933661 0.139841
-1 0.185896 0.690673 0.12343
1 0.144338 0.265652 0.59001
-1 0.239484 0.384657 0.375858
1 0.174014 0.188427 0.637559
-1 0.15399 0.681842 0.164167
1 0.257167 0.305535 0.437298
-1 0.261114 0.4717 0.267186
0 0.597608 0.246423 0.15597
0 0.356506 0.351593 0.291901
-1 0.208713 0.404706 0.386581
1 0.268049 0.235857 0.496094
0 0.391907 0.271079 0.337014
1 0.15565 0.336482 0.507868
1 0.247014 0.18373 0.569256
-1 0.140859 0.504506 0.354635
1 0.0557293 0.371661 0.57261
-1 0.0697664 0.539235 0.390999
-1 0.11354 0.456106 0.430354
-1 0.105616 0.747331 0.147054
1 0.126594 0.268687 0.604719
0 0.490929 0.131366 0.377705
-1 0.127291 0.455962 0.416748
0 0.614553 0.147419 0.238028
1 0.2915 0.335198 0.373303
-1 0.21099 0.512893 0.276116
0 0.40511 0.294213 0.300677
1 0.105809 0.326363 0.567828
-1 0.100205 0.46404 0.435755
1 0.397755 0.182459 0.419785
-1 0.196313 0.58074 0.222947
-1 0.113935 0.594143 0.291922
1 0.107267 0.223388 0.669345
-1 0.172994 0.657094 0.169912
1 0.0673329 0.194652 0.738015
-1 0.32319 0.426306 0.250504
1 0.366432 0.120588 0.51298
0 0.410003 0.314445 0.275551
1 0.242646 0.252647 0.504707
0 0.449531 0.33621 0.214259
1 0.403562 0.164292 0.432146
0 0.941752 0.00813389 0.0501143
1 0.299986 0.180555 0.519459
0 0.909418 0.0100817 0.0805005
0 0.784767 0.0776741 0.137559
0 0.816692 0.110765 0.0725431
0 0.781024 0.150456 0.0685203
-1 0.248171 0.623235 0.128594
-1 0.146659 0.56769 0.285651
-1 0.0956436 0.785892 0.118464
-1 0.0991256 0.683267 0.217608
-1 0.129299 0.612206 0.258494
-1 0.175565 0.696571 0.127864
0 0.594483 0.355256 0.0502609
-1 0.237182 0.646543 0.116275
0 0.509894 0.286632 0.203474
0 0.642508 0.211922 0.14557
-1 0.341345 0.450734 0.20792
0 0.418812 0.299885 0.281303
0 0.488325 0.298637 0.213038
-1 0.258751 0.554729 0.18652
1 0.376246 0.235791 0.387963
0 0.661912 0.0712878 0.266801
0 0.623033 0.201128 0.175839
0 0.641835 0.260082 0.0980828
-1 0.214766 0.394837 0.390396
-1 0.0976329 0.638757 0.26361
1 0.388361 0.0761349 0.535505
1 0.200072 0.212501 0.587427
0 0.764502 0.176223 0.0592749
-1 0.253631 0.612008 0.134361
1 0.227084 0.311088 0.461828
-1 0.149703 0.635385 0.214913
-1 0.178861 0.476035 0.345104
1 0.0757161 0.4371 0.487184
-1 0.155387 0.442221 0.402392
-1 0.264825 0.373935 0.36124
-1 0.129291 0.556843 0.313866
-1 0.182052 0.423313 0.394634
1 0.115557 0.33235 0.552093
-1 0.112714 0.506489 0.380796
1 0.22943 0.201544 0.569026
-1 0.293322 0.58225 0.124429
1 0.212725 0.273209 0.514067
-1 0.0845509 0.726992 0.188457
0 0.359245 0.309835 0.33092
-1 0.174441 0.756573 0.0689861
1 0.394758 0.101691 0.503552
-1 0.16606 0.620987 0.212954
0 0.725996 0.068397 0.205607
1 0.293718 0.167072 0.53921
-1 0.442691 0.489465 0.0678432
1 0.316738 0.323487 0.359774
-1 0.252629 0.427996 0.319375
1 0.220036 0.0761482 0.703816
-1 0.345125 0.4002 0.254675
1 0.221006 0.259439 0.519555
0 0.45379 0.418979 0.127231
1 0.213697 0.18518 0.601123
-1 0.299429 0.401737 0.298834
-1 0.128273 0.505633 0.366094
1 0.234287 0.236313 0.5294
-1 0.0869918 0.597554 0.315454
-1 0.187929 0.625323 0.186748
-1 0.0686244 0.63487 0.296505
-1 0.0768975 0.64939 0.273713
1 0.213452 0.265813 0.520735
-1 0.0771267 0.568466 0.354408
-1 0.204183 0.614698 0.181119
1 0.265285 0.192197 0.542518
-1 0.166625 0.571677 0.261698
-1 0.15991 0.536631 0.303459
1 0.0897381 0.352225 0.558037
0 0.79239 0.151762 0.0558486
0 0.379572 0.325978 0.294449
-1 0.15093 0.682903 0.166167
1 0.186256 0.188723 0.625021
-1 0.146256 0.628033 0.225712
1 0.262491 0.228383 0.509126
-1 0.124987 0.501366 0.373647
-1 0.188815 0.40582 0.405364
1 0.236212 0.366913 0.396875
-1 0.0710223 0.820932 0.108046
1 0.120951 0.374496 0.504553
1 0.318208 0.328124 0.353668
-1 0.247476 0.54143 0.211094
-1 0.156057 0.606487 0.237455
-1 0.192172 0.64458 0.163247
-1 0.126467 0.661184 0.212348
-1 0.1019 0.499846 0.398254
-1 0.147607 0.52505 0.327343
