labels 1 0 -1
0 0.0266852 0.957028 0.0162871
-1 0.000419578 0.0294902 0.97009
-1 0.024025 0.35232 0.623655
-1 0.0184188 0.25197 0.729612
0 0.31414 0.643015 0.0428452
-1 0.0501058 0.463575 0.48632
0 0.158536 0.809697 0.0317671
0 0.298548 0.658458 0.0429938
0 0.0466339 0.880823 0.0725436
1 0.61894 0.380737 0.000322946
0 0.0166921 0.981807 0.00150094
0 0.0415465 0.902409 0.056044
0 0.0778864 0.903764 0.0183494
0 0.00108918 0.699391 0.29952
0 0.0298345 0.858795 0.11137
0 0.0188631 0.840644 0.140493
0 0.330854 0.656818 0.0123282
-1 0.000284156 0.124336 0.87538
-1 0.0050156 0.0447815 0.950203
0 0.404634 0.560091 0.0352753
0 0.156462 0.667377 0.176161
0 0.0311919 0.778065 0.190743
1 0.543501 0.440061 0.0164379
0 0.0639966 0.893163 0.0428406
0 0.127894 0.857945 0.0141609
0 0.447745 0.542277 0.00997841
0 0.00533309 0.989131 0.00553543
0 0.0597775 0.933684 0.00653846
0 0.00407356 0.990778 0.00514838
0 0.0106003 0.547754 0.441645
0 0.434817 0.564759 0.000423938
0 0.0135592 0.853287 0.133154
0 0.0552305 0.925776 0.018994
0 0.058423 0.927703 0.0138742
0 0.0626342 0.935939 0.00142663
-1 0.00140349 0.437309 0.561287
0 0.0321189 0.921402 0.0464791
0 0.0177342 0.98036 0.00190545
1 0.821917 0.177287 0.000795856
0 0.0635132 0.923483 0.0130042
0 0.00159853 0.955061 0.0433404
0 0.00743779 0.981635 0.0109269
0 0.00137953 0.537291 0.46133
0 0.176664 0.816239 0.00709708
0 0.000858773 0.89537 0.103771
0 0.0782006 0.850415 0.0713846
0 0.00691669 0.978814 0.0142698
0 0.000114637 0.672453 0.327432
-1 0.00112209 0.0732116 0.925666
0 0.0195069 0.715487 0.265007
0 0.320146 0.618438 0.0614156
0 0.4587 0.53411 0.00719078
0 0.316758 0.682059 0.00118264
0 0.113151 0.884326 0.00252333
0 0.0130591 0.979809 0.00713145
0 0.0768439 0.920388 0.00276845
0 0.127229 0.867381 0.0053905
0 0.00754878 0.980768 0.0116833
0 0.0260114 0.937592 0.0363969
0 0.0212815 0.945626 0.0330926
0 0.0551127 0.918984 0.025903
0 0.0274318 0.967454 0.00511415
0 0.0749039 0.895154 0.029942
0 0.00607217 0.773017 0.220911
0 0.0305586 0.955092 0.0143498
0 0.0642339 0.923444 0.0123217
0 0.101765 0.89361 0.00462566
0 0.0346032 0.888757 0.0766402
0 0.00316446 0.978464 0.0183715
0 0.00539109 0.965442 0.0291671
0 0.311502 0.681436 0.00706235
0 0.00569478 0.896809 0.0974965
0 0.068739 0.922718 0.00854292
-1 0.000131086 0.00630601 0.993563
0 0.398103 0.436623 0.165274
0 0.0571814 0.924582 0.0182364
-1 0.00667836 0.159326 0.833995
1 0.656184 0.332733 0.0110831
0 0.106666 0.840262 0.0530718
1 0.708358 0.285551 0.00609156
0 0.0984022 0.814095 0.0875023
0 0.136792 0.849579 0.0136287
0 0.0471216 0.916515 0.0363633
-1 0.00957956 0.155096 0.835325
0 0.257947 0.662489 0.0795641
0 0.338188 0.651785 0.0100269
0 0.010934 0.962635 0.0264313
0 0.424481 0.558048 0.0174706
0 0.00761602 0.968692 0.0236922
0 0.0269978 0.938763 0.0342389
0 0.00211834 0.647778 0.350104
1 0.944992 0.0549304 7.76029e-05
0 0.00615082 0.990682 0.00316673
0 0.0222413 0.966784 0.0109749
0 0.0400285 0.957708 0.00226381
0 0.391942 0.604275 0.00378353
0 0.0170949 0.928023 0.0548819
-1 0.00654056 0.492538 0.500922
0 0.0799847 0.859483 0.0605325
0 0.0147974 0.976896 0.00830676
0 0.139065 0.814161 0.046774
0 0.0617776 0.919121 0.0191013
0 0.145245 0.848566 0.0061889
0 0.41743 0.58185 0.000720434
0 0.0211379 0.976306 0.00255662
0 0.00893222 0.931968 0.0591001
0 0.0499286 0.770698 0.179373
0 0.0217208 0.918844 0.0594354
0 0.367784 0.628604 0.0036126
1 0.524153 0.473686 0.00216129
0 0.00793222 0.577371 0.414696
0 0.0214851 0.677753 0.300762
0 0.0849861 0.539673 0.375341
0 0.0145762 0.819548 0.165876
0 0.00872812 0.555805 0.435467
0 0.162866 0.829833 0.00730108
0 0.0124491 0.897304 0.0902464
1 0.597858 0.399593 0.00254885
0 0.179128 0.816887 0.00398413
1 0.899357 0.0940569 0.00658602
0 0.175134 0.820083 0.00478266
0 0.0213913 0.91724 0.0613691
0 0.0304828 0.947344 0.0221729
0 0.00469294 0.979943 0.015364
0 0.0214411 0.953602 0.024957
0 0.362512 0.628434 0.00905326
-1 0.00221046 0.311274 0.686516
0 0.0332013 0.88342 0.0833784
0 0.245786 0.73788 0.0163347
-1 0.000164383 0.228725 0.771111
-1 0.00445385 0.029146 0.9664
1 0.46597 0.382148 0.151882
1 0.78037 0.185084 0.0345465
1 0.769428 0.215215 0.0153574
1 0.53949 0.453757 0.00675232
-1 0.151167 0.392146 0.456687
-1 0.254945 0.247513 0.497542
-1 0.365047 0.170943 0.46401
0 0.380453 0.491324 0.128222
-1 0.000258325 0.0171642 0.982578
-1 0.0619178 0.332305 0.605777
1 0.541242 0.425085 0.0336738
-1 0.000785046 0.0287741 0.970441
0 0.146721 0.605125 0.248154
0 0.0132865 0.852369 0.134345
0 0.164652 0.486288 0.34906
0 0.381479 0.590704 0.0278165
0 0.0449567 0.89034 0.0647037
1 0.600698 0.387478 0.0118246
0 0.0615765 0.914931 0.0234921
0 0.058956 0.843562 0.0974823
-1 0.0231193 0.481377 0.495504
1 0.556185 0.436361 0.00745355
0 0.324226 0.671479 0.00429506
0 0.064239 0.817308 0.118453
1 0.65612 0.332442 0.0114381
0 0.00571627 0.991189 0.0030951
0 0.0124337 0.886277 0.10129
1 0.509223 0.487998 0.00277894
0 0.0015881 0.857533 0.140879
0 0.0167532 0.933953 0.0492934
1 0.566285 0.431326 0.00238968
-1 0.00244206 0.21878 0.778778
0 0.176156 0.753517 0.0703273
0 0.0788597 0.709703 0.211437
0 0.0233545 0.609226 0.36742
0 0.0226479 0.957643 0.0197088
0 0.00159626 0.775124 0.22328
0 0.000864569 0.564009 0.435126
-1 0.00387201 0.191815 0.804313
0 0.0415502 0.847468 0.110982
-1 0.00953422 0.157864 0.832601
0 0.0419194 0.842135 0.115946
0 0.227636 0.745283 0.0270804
0 0.0702168 0.845019 0.0847643
-1 0.00332639 0.0769254 0.919748
-1 0.0482898 0.34548 0.60623
0 0.0698425 0.592937 0.337221
-1 0.00334618 0.0717163 0.924937
-1 0.039483 0.146636 0.813881
-1 0.0371991 0.209565 0.753236
1 0.782184 0.0552186 0.162597
1 0.475036 0.427542 0.0974224
1 0.624667 0.234704 0.140629
1 0.934237 0.0646154 0.00114764
1 0.745719 0.227175 0.0271055
0 0.0980345 0.544992 0.356973
-1 0.000489535 0.0987216 0.900789
1 0.490194 0.413828 0.095978
-1 7.07037e-05 0.0028937 0.997036
0 0.184637 0.544534 0.270829
-1 0.0244752 0.266485 0.70904
-1 0.0592279 0.164046 0.776726
-1 0.0103485 0.1251 0.864551
1 0.73403 0.250781 0.015189
0 0.0614125 0.793466 0.145122
0 0.25463 0.579696 0.165675
0 0.0107665 0.960486 0.0287475
-1 0.0113775 0.327492 0.66113
0 0.0693557 0.836876 0.0937682
1 0.662819 0.333705 0.00347673
0 0.0898994 0.900588 0.00951283
0 0.0585515 0.921453 0.019996
0 0.428612 0.567944 0.00344329
0 0.0407369 0.951644 0.00761913
0 0.141475 0.844978 0.013547
0 0.0241827 0.967264 0.00855378
0 0.00190296 0.640075 0.358022
0 0.109119 0.838798 0.0520828
1 0.967999 0.0319289 7.19818e-05
0 0.0146978 0.974152 0.01115
-1 0.000626617 0.197719 0.801655
0 0.0496072 0.935237 0.0151555
0 0.0974068 0.837504 0.065089
-1 0.00427362 0.406478 0.589248
0 0.0047088 0.501413 0.493879
0 0.0731645 0.917554 0.00928202
0 0.029984 0.965662 0.00435391
0 0.00514727 0.958819 0.0360335
0 0.00326195 0.99077 0.00596809
0 0.0137875 0.960694 0.0255185
0 0.0149739 0.983718 0.00130851
0 0.10022 0.895673 0.00410674
0 0.00422545 0.991922 0.00385265
0 0.0228624 0.529096 0.448042
-1 0.000331435 0.217392 0.782276
1 0.538317 0.454692 0.00699098
0 0.041195 0.955542 0.00326319
0 0.00600768 0.827841 0.166151
0 0.00253352 0.825162 0.172305
0 0.00283607 0.591717 0.405447
-1 0.0376237 0.072291 0.890085
-1 0.0202021 0.442347 0.537451
0 0.0158594 0.79313 0.191011
0 0.283361 0.501749 0.21489
0 0.0792478 0.536323 0.384429
-1 0.0490148 0.29026 0.660725
0 0.177795 0.642086 0.18012
1 0.979207 0.0206959 9.68323e-05
0 0.140207 0.851927 0.00786525
0 0.00962951 0.972571 0.0177991
0 0.10589 0.887723 0.00638678
0 0.0166116 0.981668 0.00172047
0 0.128573 0.866562 0.00486521
0 0.0180356 0.980802 0.00116259
1 0.730765 0.258839 0.0103959
0 0.0702883 0.901493 0.0282187
0 0.131852 0.817689 0.0504587
