labels 1 0 -1
-1 0.241217 0.271154 0.487629
-1 0.214726 0.264618 0.520656
-1 0.233615 0.252043 0.514342
0 0.351173 0.363909 0.284919
1 0.469453 0.319455 0.211092
1 0.396653 0.283643 0.319704
0 0.161491 0.610477 0.228032
0 0.358506 0.375209 0.266285
1 0.542174 0.237828 0.219999
1 0.462163 0.160662 0.377175
0 0.27298 0.506718 0.220302
1 0.348295 0.309016 0.342689
-1 0.162105 0.251182 0.586713
-1 0.365201 0.2132 0.421599
-1 0.330677 0.21087 0.458453
-1 0.386216 0.179752 0.434031
-1 0.288332 0.230343 0.481325
-1 0.372943 0.182557 0.4445
-1 0.182999 0.277047 0.539954
1 0.683603 0.202599 0.113798
0 0.143732 0.773057 0.083211
0 0.352418 0.532558 0.115025
1 0.498606 0.15689 0.344503
1 0.384826 0.273208 0.341966
-1 0.344391 0.214865 0.440744
-1 0.229236 0.115822 0.654942
-1 0.273261 0.340583 0.386157
-1 0.304953 0.122358 0.572688
-1 0.131018 0.378147 0.490835
-1 0.273491 0.158586 0.567923
-1 0.252988 0.284501 0.462511
-1 0.180935 0.259758 0.559306
1 0.516828 0.144507 0.338665
-1 0.205834 0.166748 0.627418
-1 0.317447 0.139137 0.543415
-1 0.338649 0.131039 0.530312
-1 0.327922 0.270766 0.401312
1 0.432901 0.226868 0.340231
-1 0.359129 0.258791 0.38208
1 0.418826 0.306061 0.275113
-1 0.0625278 0.376506 0.560966
1 0.45226 0.122565 0.425175
1 0.443854 0.22352 0.332626
-1 0.342671 0.263777 0.393552
0 0.120775 0.554751 0.324474
1 0.554072 0.11396 0.331968
0 0.165803 0.485661 0.348536
-1 0.279216 0.312423 0.408361
1 0.489044 0.140333 0.370623
-1 0.0712889 0.135139 0.793572
1 0.549352 0.284094 0.166554
-1 0.254453 0.257738 0.48781
0 0.273389 0.415749 0.310862
0 0.32978 0.559555 0.110666
0 0.213598 0.508229 0.278173
-1 0.308939 0.304997 0.386064
0 0.244373 0.407801 0.347826
1 0.417417 0.19104 0.391544
-1 0.327213 0.214825 0.457962
-1 0.336974 0.117723 0.545303
-1 0.338537 0.12733 0.534133
-1 0.26162 0.205039 0.53334
-1 0.395586 0.170876 0.433538
-1 0.224252 0.298732 0.477016
-1 0.372123 0.114596 0.513281
1 0.414894 0.220188 0.364918
1 0.36405 0.286022 0.349929
1 0.475771 0.240741 0.283488
-1 0.222846 0.242486 0.534667
0 0.341796 0.357671 0.300534
1 0.51236 0.155922 0.331718
-1 0.233008 0.369253 0.397739
0 0.118153 0.483655 0.398192
0 0.267924 0.449146 0.28293
-1 0.0820132 0.143622 0.774364
1 0.564387 0.203381 0.232232
0 0.122861 0.796928 0.0802115
1 0.444272 0.408 0.147729
1 0.559219 0.156975 0.283806
-1 0.420361 0.15742 0.422219
0 0.345776 0.375894 0.27833
-1 0.397019 0.145442 0.457539
-1 0.121392 0.277557 0.601051
1 0.615633 0.12589 0.258477
-1 0.144998 0.234908 0.620094
1 0.502631 0.145491 0.351878
-1 0.286509 0.163675 0.549816
-1 0.384862 0.116834 0.498304
-1 0.145002 0.214621 0.640377
-1 0.214342 0.199738 0.58592
-1 0.317017 0.105638 0.577346
-1 0.208719 0.132138 0.659143
0 0.408102 0.466396 0.125502
0 0.314318 0.52185 0.163832
1 0.381844 0.270022 0.348135
1 0.444008 0.193129 0.362864
1 0.384763 0.365006 0.250231
-1 0.311451 0.144019 0.54453
-1 0.328093 0.102018 0.569889
-1 0.302771 0.263515 0.433713
-1 0.272065 0.170008 0.557928
-1 0.310503 0.183547 0.50595
-1 0.267008 0.209862 0.52313
-1 0.339077 0.134433 0.52649
0 0.219931 0.49398 0.286089
-1 0.295999 0.270449 0.433552
-1 0.384794 0.150522 0.464684
-1 0.284197 0.200139 0.515664
-1 0.295033 0.181068 0.523899
-1 0.315371 0.311348 0.37328
-1 0.324359 0.116246 0.559396
1 0.512481 0.176634 0.310885
0 0.174351 0.427688 0.397961
1 0.389347 0.374675 0.235978
1 0.459559 0.143349 0.397092
1 0.466501 0.188801 0.344698
1 0.490205 0.232602 0.277193
-1 0.377341 0.20952 0.413139
0 0.214554 0.631797 0.153648
1 0.39495 0.277821 0.327229
0 0.0252959 0.723329 0.251376
0 0.244422 0.633814 0.121765
0 0.333717 0.343828 0.322456
-1 0.328964 0.291407 0.379629
-1 0.300705 0.251551 0.447744
-1 0.319418 0.200316 0.480266
-1 0.332558 0.115731 0.551712
0 0.259326 0.467703 0.272971
1 0.386025 0.268688 0.345287
-1 0.218558 0.350681 0.430761
-1 0.302118 0.159623 0.538259
0 0.178183 0.458078 0.363739
1 0.706721 0.122644 0.170634
1 0.520115 0.133395 0.34649
1 0.539194 0.134175 0.32663
1 0.408478 0.255892 0.335631
-1 0.363177 0.226729 0.410094
1 0.428922 0.158491 0.412587
-1 0.317789 0.187908 0.494303
1 0.4617 0.299394 0.238906
-1 0.211733 0.207298 0.580969
1 0.674417 0.151621 0.173963
1 0.389058 0.239135 0.371807
-1 0.280195 0.339784 0.380021
1 0.544254 0.20548 0.250266
0 0.14641 0.58989 0.2637
-1 0.361097 0.263745 0.375158
-1 0.283346 0.226364 0.49029
-1 0.333761 0.232424 0.433815
1 0.437398 0.160024 0.402579
-1 0.36873 0.185448 0.445822
-1 0.165222 0.226396 0.608382
-1 0.359559 0.193128 0.447314
-1 0.188545 0.283631 0.527824
1 0.684119 0.046569 0.269312
-1 0.0755151 0.378886 0.545599
0 0.228027 0.502797 0.269175
-1 0.382979 0.143084 0.473937
-1 0.389092 0.091913 0.518995
-1 0.188139 0.346221 0.46564
-1 0.255786 0.156751 0.587462
-1 0.32881 0.17391 0.49728
-1 0.258545 0.218895 0.52256
-1 0.182213 0.204947 0.612841
1 0.497703 0.202703 0.299594
-1 0.326617 0.331571 0.341812
-1 0.332978 0.273321 0.393701
1 0.514075 0.0992395 0.386685
1 0.483402 0.126762 0.389836
-1 0.286183 0.272867 0.440949
0 0.261385 0.517808 0.220807
-1 0.355665 0.179463 0.464872
0 0.337817 0.379918 0.282265
1 0.499689 0.333794 0.166517
-1 0.321866 0.230203 0.447931
-1 0.165052 0.254025 0.580923
-1 0.255895 0.16771 0.576394
0 0.331574 0.485833 0.182593
0 0.270269 0.444979 0.284752
-1 0.301171 0.166415 0.532414
1 0.562995 0.119064 0.317941
0 0.338996 0.412794 0.248211
0 0.371293 0.472343 0.156364
1 0.426998 0.171601 0.401401
1 0.657892 0.158588 0.183519
1 0.485233 0.287279 0.227488
1 0.469658 0.22247 0.307871
-1 0.204095 0.254729 0.541176
1 0.592959 0.0990141 0.308027
-1 0.249313 0.258508 0.492178
1 0.53339 0.256508 0.210102
1 0.508851 0.319318 0.171831
0 0.236869 0.58484 0.178291
1 0.622546 0.0996793 0.277774
-1 0.331235 0.195476 0.473289
1 0.40562 0.400648 0.193732
-1 0.251444 0.183866 0.56469
-1 0.131799 0.264152 0.60405
1 0.470762 0.0658389 0.4634
-1 0.365975 0.147055 0.48697
-1 0.385715 0.108725 0.505561
-1 0.362929 0.185655 0.451416
0 0.110388 0.454964 0.434648
-1 0.210678 0.326356 0.462966
0 0.106373 0.455214 0.438413
-1 0.20896 0.266617 0.524423
-1 0.318276 0.190635 0.491089
-1 0.297642 0.235734 0.466625
-1 0.313091 0.167855 0.519054
1 0.489211 0.205864 0.304924
0 0.17569 0.543738 0.280572
-1 0.259282 0.198168 0.54255
0 0.380491 0.393124 0.226385
1 0.555402 0.178511 0.266087
1 0.497865 0.188159 0.313975
-1 0.38753 0.202638 0.409832
1 0.479827 0.12129 0.398883
1 0.473255 0.122726 0.404019
0 0.334591 0.386978 0.278431
-1 0.104386 0.326275 0.569339
-1 0.246694 0.311536 0.441771
-1 0.244123 0.230224 0.525653
-1 0.318546 0.17251 0.508944
-1 0.228963 0.276052 0.494985
-1 0.26885 0.158546 0.572605
-1 0.333778 0.299898 0.366324
-1 0.236458 0.22952 0.534022
1 0.580908 0.259756 0.159336
0 0.352566 0.431438 0.215996
-1 0.208864 0.216825 0.574311
1 0.395485 0.242109 0.362406
-1 0.406522 0.123119 0.470359
0 0.35754 0.406544 0.235916
1 0.546147 0.149055 0.304798
1 0.526215 0.143383 0.330402
1 0.55541 0.166919 0.277671
1 0.592133 0.102325 0.305542
1 0.460834 0.186477 0.35269
1 0.488518 0.316272 0.19521
-1 0.105715 0.438153 0.456133
-1 0.205087 0.345023 0.44989
-1 0.168 0.322412 0.509588
1 0.412436 0.218521 0.369043
-1 0.130462 0.350071 0.519468
1 0.416813 0.303177 0.280009
-1 0.382121 0.143483 0.474396
0 0.272477 0.371392 0.35613
-1 0.20604 0.184248 0.609713
