labels 1 0 -1
0 0.217247 0.604239 0.178514
0 0.23378 0.59338 0.17284
0 0.301977 0.358908 0.339115
0 0.246799 0.514545 0.238657
0 0.232007 0.540114 0.22788
0 0.227692 0.574311 0.197997
0 0.195342 0.500494 0.304163
0 0.246776 0.479196 0.274028
0 0.211657 0.603627 0.184715
0 0.245089 0.50149 0.25342
0 0.208415 0.629748 0.161837
0 0.210999 0.577618 0.211383
0 0.223811 0.5658 0.210389
0 0.226849 0.558885 0.214265
0 0.219808 0.561701 0.218492
0 0.228164 0.546568 0.225269
0 0.236275 0.472138 0.291588
0 0.246234 0.518383 0.235383
0 0.234462 0.383792 0.381746
-1 0.309079 0.290907 0.400014
1 0.416845 0.241363 0.341792
0 0.324491 0.356124 0.319384
0 0.299357 0.388131 0.312512
0 0.257283 0.498937 0.24378
0 0.229958 0.552798 0.217244
0 0.244966 0.463562 0.291472
0 0.228521 0.606248 0.165231
0 0.260878 0.538669 0.200453
0 0.253609 0.494314 0.252077
0 0.213448 0.488237 0.298315
0 0.252064 0.483712 0.264225
0 0.276153 0.551459 0.172389
0 0.235379 0.499057 0.265564
0 0.230655 0.530295 0.23905
0 0.23169 0.559262 0.209048
0 0.219544 0.57266 0.207796
0 0.299849 0.365899 0.334252
0 0.249383 0.462391 0.288226
0 0.220481 0.581191 0.198328
0 0.209257 0.656587 0.134156
0 0.225859 0.580233 0.193908
0 0.274228 0.394845 0.330927
0 0.216498 0.566495 0.217006
0 0.242524 0.452907 0.304568
0 0.209577 0.665239 0.125184
-1 0.280486 0.314391 0.405123
0 0.227187 0.528432 0.244381
0 0.225106 0.569898 0.204996
-1 0.247694 0.373276 0.37903
0 0.157586 0.474763 0.36765
0 0.212967 0.446059 0.340973
0 0.28035 0.518759 0.200891
0 0.252322 0.557128 0.190551
0 0.193074 0.660409 0.146516
0 0.264932 0.567009 0.168059
0 0.23481 0.539092 0.226098
0 0.266775 0.546518 0.186707
0 0.265167 0.543356 0.191476
0 0.209207 0.589407 0.201385
0 0.210717 0.578655 0.210628
0 0.230005 0.538278 0.231717
0 0.230239 0.580742 0.18902
0 0.259601 0.532419 0.20798
0 0.234772 0.57969 0.185538
0 0.298172 0.369298 0.33253
0 0.23174 0.477288 0.290972
0 0.229513 0.566404 0.204082
0 0.243085 0.581316 0.175599
-1 0.278595 0.351869 0.369536
0 0.217044 0.530634 0.252322
0 0.226901 0.472317 0.300782
0 0.209169 0.648633 0.142198
-1 0.232201 0.364834 0.402965
0 0.227865 0.52995 0.242185
0 0.156997 0.612426 0.230576
0 0.34523 0.423476 0.231294
0 0.254216 0.462957 0.282826
0 0.269027 0.444964 0.286008
0 0.269651 0.450222 0.280127
0 0.248957 0.463276 0.287767
0 0.229915 0.600097 0.169988
0 0.244251 0.460587 0.295162
0 0.236301 0.552731 0.210968
0 0.24631 0.417501 0.336188
0 0.258671 0.447336 0.293993
0 0.247464 0.476546 0.27599
0 0.239368 0.569297 0.191335
0 0.224516 0.507817 0.267667
0 0.237034 0.527366 0.2356
0 0.208625 0.506154 0.285221
0 0.261819 0.527832 0.210349
-1 0.244271 0.237717 0.518012
0 0.300329 0.597585 0.102086
0 0.257523 0.553832 0.188645
0 0.243168 0.53947 0.217362
0 0.24738 0.547913 0.204706
0 0.272222 0.569524 0.158254
0 0.221498 0.572376 0.206126
0 0.265669 0.44028 0.294051
0 0.239806 0.562313 0.19788
0 0.227774 0.527745 0.244481
0 0.227082 0.561152 0.211766
0 0.221367 0.556335 0.222297
0 0.217523 0.56364 0.218836
0 0.207602 0.666707 0.125691
0 0.251208 0.54969 0.199101
0 0.219358 0.569258 0.211384
0 0.234807 0.582509 0.182684
0 0.230911 0.559923 0.209166
0 0.274212 0.565196 0.160592
0 0.3045 0.486356 0.209144
-1 0.292766 0.315754 0.39148
0 0.20592 0.42533 0.36875
0 0.24445 0.47965 0.2759
0 0.245159 0.469353 0.285488
0 0.247343 0.464384 0.288273
0 0.215843 0.590396 0.193761
0 0.225696 0.519459 0.254845
0 0.211623 0.675239 0.113138
0 0.245433 0.620512 0.134055
0 0.250615 0.59926 0.150125
0 0.23894 0.58877 0.17229
0 0.224486 0.577422 0.198091
0 0.230992 0.558245 0.210763
0 0.221938 0.575229 0.202833
0 0.225409 0.552479 0.222112
0 0.296629 0.502818 0.200553
0 0.291627 0.364034 0.344339
0 0.2381 0.523462 0.238438
0 0.209432 0.64355 0.147018
-1 0.282122 0.220967 0.496911
-1 0.240737 0.356589 0.402675
0 0.287917 0.368313 0.34377
0 0.265964 0.394752 0.339284
0 0.259756 0.505511 0.234733
0 0.211024 0.551717 0.237259
0 0.235631 0.497716 0.266653
0 0.257423 0.490495 0.252081
0 0.252724 0.488553 0.258722
0 0.222337 0.585507 0.192157
-1 0.347928 0.280804 0.371268
1 0.348152 0.337977 0.313871
0 0.294734 0.361709 0.343557
0 0.242806 0.386664 0.37053
0 0.285651 0.357388 0.356962
-1 0.267998 0.313376 0.418626
1 0.354512 0.336746 0.308742
0 0.287993 0.407489 0.304517
0 0.313149 0.394733 0.292118
0 0.283743 0.494391 0.221865
0 0.245904 0.514818 0.239278
0 0.256171 0.50175 0.24208
0 0.288258 0.401468 0.310274
0 0.271337 0.515941 0.212722
0 0.319785 0.458515 0.221701
0 0.243438 0.514038 0.242524
0 0.273068 0.497818 0.229114
0 0.254964 0.504824 0.240212
0 0.209947 0.560561 0.229491
0 0.218107 0.610366 0.171526
0 0.211617 0.573113 0.21527
0 0.230937 0.575267 0.193796
0 0.228661 0.569632 0.201707
-1 0.320962 0.324928 0.354111
0 0.265899 0.514416 0.219685
0 0.251291 0.462944 0.285765
0 0.257374 0.46736 0.275266
0 0.260186 0.438817 0.300998
0 0.282463 0.43795 0.279587
-1 0.186104 0.380124 0.433771
0 0.234586 0.515512 0.249902
0 0.321719 0.436658 0.241623
0 0.252314 0.397642 0.350044
-1 0.270028 0.360998 0.368974
0 0.306929 0.454102 0.238969
0 0.254631 0.575184 0.170186
0 0.285301 0.365029 0.349671
0 0.263696 0.413891 0.322413
0 0.345568 0.365667 0.288764
0 0.366769 0.375535 0.257696
1 0.425458 0.303471 0.271072
1 0.395293 0.319509 0.285198
0 0.311457 0.43627 0.252274
1 0.38776 0.303348 0.308892
1 0.351621 0.351082 0.297297
0 0.304231 0.469591 0.226178
0 0.271797 0.451737 0.276467
0 0.296408 0.432457 0.271136
-1 0.359721 0.265061 0.375218
0 0.328939 0.445592 0.225469
-1 0.395257 0.201752 0.402991
1 0.468035 0.19571 0.336255
-1 0.354392 0.178144 0.467464
1 0.468581 0.214677 0.316742
1 0.389859 0.248209 0.361932
1 0.46404 0.250026 0.285934
-1 0.348466 0.292287 0.359247
0 0.333684 0.382569 0.283747
0 0.311431 0.376429 0.31214
1 0.357672 0.351753 0.290575
1 0.378951 0.318788 0.302262
0 0.362537 0.424672 0.212791
0 0.249327 0.505295 0.245378
0 0.237607 0.519783 0.242609
0 0.271045 0.492038 0.236917
0 0.244454 0.533127 0.222419
0 0.255822 0.549288 0.19489
0 0.252467 0.518216 0.229317
-1 0.333876 0.312896 0.353228
0 0.285116 0.467121 0.247763
0 0.236559 0.599169 0.164272
0 0.227536 0.532193 0.240271
-1 0.35779 0.252922 0.389288
0 0.295066 0.445102 0.259832
0 0.262337 0.47504 0.262622
0 0.294307 0.433701 0.271992
0 0.336957 0.383383 0.27966
0 0.304924 0.407578 0.287498
0 0.207696 0.659634 0.13267
0 0.203872 0.598884 0.197244
0 0.205866 0.592155 0.201979
0 0.232709 0.558039 0.209252
0 0.227279 0.545576 0.227145
0 0.229686 0.583883 0.186431
0 0.215146 0.542103 0.24275
0 0.284935 0.439869 0.275197
1 0.344639 0.317418 0.337943
0 0.272126 0.550572 0.177303
0 0.206583 0.604022 0.189395
0 0.215126 0.541324 0.243549
0 0.236936 0.455643 0.307422
-1 0.31673 0.313415 0.369855
0 0.233551 0.425168 0.341282
-1 0.326012 0.328006 0.345981
0 0.334038 0.347533 0.318429
0 0.285924 0.412247 0.30183
0 0.296202 0.391658 0.31214
-1 0.274636 0.259053 0.466311
0 0.270666 0.395732 0.333602
0 0.241129 0.628304 0.130567
0 0.224065 0.56738 0.208555
0 0.203418 0.562763 0.233819
0 0.291876 0.531264 0.17686
0 0.227009 0.455269 0.317722
0 0.253935 0.541667 0.204398
0 0.231708 0.497603 0.270689
0 0.22978 0.59998 0.170239
0 0.234256 0.563724 0.202019
