labels 1 0 -1
0 0.192062 0.434133 0.373805
0 0.201797 0.623132 0.175071
0 0.294923 0.457252 0.247825
0 0.379333 0.502401 0.118266
1 0.453284 0.439717 0.106999
0 0.387136 0.459061 0.153803
-1 0.338982 0.319496 0.341522
0 0.386135 0.401663 0.212202
1 0.533615 0.304713 0.161673
1 0.367625 0.327548 0.304828
0 0.241054 0.578012 0.180934
0 0.293915 0.355711 0.350374
-1 0.156575 0.316999 0.526426
0 0.27731 0.414595 0.308095
0 0.283148 0.389276 0.327575
0 0.275906 0.395117 0.328977
0 0.324241 0.339633 0.336126
0 0.285175 0.442322 0.272503
0 0.23596 0.408247 0.355793
1 0.465826 0.301993 0.232181
0 0.219082 0.546534 0.234384
1 0.381576 0.378363 0.240061
1 0.514306 0.200581 0.285112
0 0.322803 0.345538 0.331658
-1 0.331853 0.287459 0.380688
-1 0.194099 0.199591 0.606309
0 0.252834 0.421371 0.325795
0 0.257002 0.378016 0.364981
-1 0.206804 0.387895 0.405301
-1 0.164249 0.280153 0.555598
0 0.252731 0.375312 0.371957
-1 0.290282 0.348238 0.36148
1 0.44581 0.312562 0.241628
-1 0.271719 0.21638 0.511901
0 0.329573 0.361935 0.308492
-1 0.309148 0.324338 0.366514
0 0.329944 0.379915 0.290141
1 0.423156 0.335785 0.241059
0 0.40251 0.423193 0.174297
0 0.325338 0.401485 0.273176
0 0.139341 0.452737 0.407921
1 0.42634 0.300119 0.273541
0 0.39643 0.431639 0.171931
1 0.364696 0.351785 0.283519
0 0.193776 0.61905 0.187173
1 0.48433 0.215216 0.300454
0 0.25701 0.415566 0.327424
0 0.335328 0.419858 0.244814
1 0.536489 0.190779 0.272732
-1 0.0837844 0.368983 0.547233
1 0.571463 0.252631 0.175906
-1 0.237529 0.376509 0.385962
0 0.156838 0.596934 0.246228
0 0.294774 0.4962 0.209026
0 0.207607 0.459453 0.332941
0 0.212686 0.534768 0.252547
-1 0.336928 0.302251 0.360822
0 0.22069 0.509952 0.269358
-1 0.208893 0.388446 0.402662
-1 0.266051 0.318973 0.414975
0 0.261564 0.408596 0.32984
0 0.223107 0.459392 0.317501
1 0.410808 0.318989 0.270203
0 0.184094 0.589672 0.226234
-1 0.27094 0.307985 0.421075
0 0.399821 0.427881 0.172298
0 0.350861 0.505827 0.143312
1 0.520821 0.275366 0.203813
-1 0.230615 0.322353 0.447032
1 0.400849 0.309066 0.290085
1 0.466829 0.328321 0.20485
0 0.245367 0.501879 0.252754
-1 0.17053 0.21356 0.61591
0 0.278646 0.380283 0.341071
0 0.0932331 0.541618 0.365149
1 0.408262 0.37497 0.216768
0 0.208033 0.669295 0.122672
1 0.526144 0.327034 0.146822
1 0.553197 0.281668 0.165135
1 0.471792 0.296953 0.231255
0 0.296247 0.446423 0.25733
-1 0.35376 0.257069 0.389172
-1 0.149724 0.376759 0.473517
1 0.496904 0.200519 0.302577
-1 0.194056 0.29161 0.514334
1 0.520146 0.230982 0.248871
-1 0.280666 0.332537 0.386797
-1 0.330064 0.192391 0.477544
-1 0.170595 0.308784 0.520621
-1 0.225839 0.283903 0.490258
1 0.375973 0.335851 0.288176
-1 0.249248 0.146862 0.60389
0 0.210505 0.708579 0.080916
1 0.351464 0.327396 0.32114
-1 0.246178 0.322019 0.431803
0 0.323917 0.350194 0.325889
0 0.218292 0.508703 0.273004
-1 0.186689 0.389416 0.423894
0 0.335838 0.360668 0.303495
0 0.276564 0.501186 0.22225
0 0.333973 0.398827 0.2672
0 0.339131 0.442888 0.217981
0 0.303559 0.384742 0.311699
0 0.331617 0.379549 0.288834
0 0.211027 0.576866 0.212107
0 0.340771 0.340949 0.31828
0 0.237614 0.463335 0.29905
0 0.187793 0.429097 0.383111
0 0.251243 0.420104 0.328653
0 0.344648 0.492378 0.162974
0 0.238914 0.42718 0.333907
-1 0.338159 0.316562 0.345279
1 0.369381 0.33352 0.297099
1 0.513784 0.348885 0.137331
1 0.562862 0.217145 0.219993
1 0.499787 0.297016 0.203197
1 0.416707 0.383288 0.200004
-1 0.32722 0.335773 0.337007
0 0.180559 0.661297 0.158144
0 0.220488 0.606556 0.172956
0 0.0567351 0.66815 0.275115
0 0.141775 0.730922 0.127304
0 0.261727 0.640288 0.0979854
0 0.266869 0.549351 0.18378
0 0.268598 0.53049 0.200911
0 0.262397 0.472113 0.265489
0 0.276244 0.411232 0.312524
0 0.182884 0.484078 0.333038
0 0.312578 0.365771 0.321651
0 0.280402 0.59495 0.124648
1 0.423274 0.193828 0.382897
-1 0.25723 0.324498 0.418272
1 0.598234 0.231919 0.169847
1 0.600237 0.161359 0.238404
1 0.421128 0.28475 0.294123
0 0.332159 0.360965 0.306877
1 0.386453 0.324469 0.289079
1 0.396023 0.304528 0.299449
1 0.385546 0.326344 0.28811
0 0.328781 0.443531 0.227688
1 0.386108 0.267152 0.34674
1 0.670293 0.178495 0.151211
1 0.440699 0.284174 0.275127
-1 0.329444 0.322629 0.347928
1 0.426665 0.344077 0.229259
0 0.213722 0.554294 0.231983
0 0.291517 0.374945 0.333538
-1 0.190284 0.350779 0.458938
-1 0.32925 0.295059 0.375691
-1 0.325125 0.278383 0.396493
-1 0.247165 0.244821 0.508015
-1 0.129977 0.292325 0.577698
-1 0.343508 0.234131 0.422361
0 0.181234 0.41646 0.402307
1 0.564707 0.243602 0.191691
-1 0.104226 0.312784 0.582989
0 0.260201 0.409256 0.330543
1 0.378392 0.264924 0.356684
-1 0.217271 0.381605 0.401124
-1 0.191908 0.401168 0.406924
-1 0.233023 0.351681 0.415297
0 0.254438 0.487615 0.257947
0 0.231622 0.422633 0.345745
0 0.234832 0.481473 0.283695
0 0.339057 0.465718 0.195226
1 0.436041 0.411857 0.152102
1 0.460104 0.358796 0.181099
1 0.540398 0.291388 0.168213
1 0.485885 0.302305 0.21181
-1 0.313479 0.298298 0.388222
1 0.407587 0.39305 0.199363
0 0.247089 0.395264 0.357647
0 0.222857 0.538497 0.238645
0 0.383264 0.453277 0.163458
0 0.252676 0.448947 0.298377
0 0.125154 0.483901 0.390945
0 0.325983 0.339726 0.334291
0 0.306723 0.439552 0.253725
0 0.261136 0.471508 0.267356
-1 0.243583 0.336328 0.420089
1 0.436942 0.269988 0.29307
1 0.425907 0.320076 0.254017
0 0.307625 0.385821 0.306554
0 0.322846 0.347106 0.330048
1 0.480335 0.300645 0.21902
0 0.254482 0.403861 0.341657
-1 0.253904 0.283856 0.46224
-1 0.211882 0.300285 0.487833
1 0.593708 0.150109 0.256183
0 0.312441 0.354543 0.333016
1 0.528469 0.197635 0.273896
1 0.462395 0.278286 0.259319
0 0.29741 0.382207 0.320383
1 0.521135 0.233466 0.245399
-1 0.249949 0.365102 0.384949
0 0.323163 0.438727 0.23811
-1 0.154375 0.360086 0.485539
-1 0.19969 0.3302 0.470109
-1 0.30093 0.204177 0.494893
-1 0.31146 0.241152 0.447388
-1 0.324338 0.201407 0.474255
0 0.275446 0.465129 0.259425
-1 0.123672 0.315873 0.560455
0 0.157945 0.464503 0.377552
0 0.201556 0.488331 0.310113
0 0.192159 0.413185 0.394656
0 0.222738 0.483679 0.293583
0 0.315792 0.41657 0.267638
1 0.379869 0.357844 0.262287
1 0.449443 0.351866 0.19869
0 0.27313 0.526168 0.200702
0 0.303995 0.360084 0.33592
1 0.470976 0.313178 0.215846
1 0.46226 0.357527 0.180213
1 0.467803 0.330232 0.201966
1 0.398479 0.325553 0.275968
1 0.479992 0.278594 0.241414
1 0.400775 0.381005 0.21822
0 0.278723 0.448641 0.272636
-1 0.107433 0.384162 0.508405
0 0.229485 0.409572 0.360943
0 0.196014 0.437497 0.366489
-1 0.247474 0.347155 0.40537
0 0.223165 0.494475 0.282361
-1 0.253505 0.316235 0.43026
0 0.211615 0.580423 0.207962
-1 0.255057 0.363811 0.381132
0 0.392858 0.525789 0.0813532
0 0.342048 0.431445 0.226507
0 0.274738 0.38945 0.335813
1 0.453266 0.291042 0.255692
1 0.389706 0.297915 0.312378
1 0.404997 0.31366 0.281344
1 0.456109 0.244456 0.299435
1 0.545087 0.179429 0.275484
1 0.434929 0.32123 0.24384
1 0.489977 0.230584 0.279439
1 0.448497 0.299863 0.25164
1 0.461416 0.361336 0.177248
0 0.146705 0.570583 0.282712
0 0.125248 0.51766 0.357092
-1 0.141648 0.373271 0.485081
0 0.294222 0.454156 0.251622
-1 0.142238 0.261302 0.59646
-1 0.20769 0.375812 0.416499
-1 0.18107 0.205641 0.61329
0 0.11703 0.541539 0.341431
-1 0.131478 0.306694 0.561828
