labels 1 0 -1
-1 0.16539 0.293711 0.540899
0 0.217246 0.500262 0.282492
-1 0.213582 0.333288 0.45313
0 0.297026 0.593024 0.10995
0 0.440581 0.47338 0.0860391
0 0.414994 0.462158 0.122848
0 0.192959 0.476457 0.330585
0 0.370676 0.474918 0.154406
1 0.522521 0.331633 0.145847
1 0.406566 0.244737 0.348697
0 0.339822 0.550117 0.110061
1 0.405115 0.278828 0.316057
-1 0.150231 0.297651 0.552118
-1 0.343542 0.273823 0.382636
-1 0.316243 0.255495 0.428262
1 0.390061 0.231889 0.37805
-1 0.264679 0.212926 0.522395
-1 0.355381 0.244089 0.40053
0 0.160965 0.427186 0.41185
1 0.664693 0.235051 0.100256
0 0.146694 0.774836 0.0784698
0 0.248486 0.585098 0.166415
1 0.452575 0.133889 0.413536
1 0.392661 0.252721 0.354618
-1 0.351213 0.247623 0.401164
-1 0.17163 0.0937144 0.734656
-1 0.226851 0.357743 0.415406
-1 0.215126 0.206921 0.577953
-1 0.131641 0.388538 0.479821
-1 0.186709 0.118579 0.694712
0 0.240417 0.435511 0.324073
-1 0.226884 0.172117 0.601
1 0.518157 0.142744 0.3391
-1 0.191248 0.166938 0.641814
-1 0.31943 0.186175 0.494395
-1 0.313296 0.155743 0.530962
1 0.347391 0.326706 0.325902
1 0.398736 0.247676 0.353588
1 0.533045 0.281714 0.185241
1 0.368791 0.366772 0.264438
-1 0.0683794 0.393376 0.538245
1 0.495567 0.150303 0.35413
0 0.397016 0.402074 0.20091
-1 0.343955 0.278476 0.377569
0 0.135215 0.73264 0.132146
1 0.622481 0.103998 0.273521
0 0.134897 0.635983 0.22912
0 0.343428 0.356762 0.299809
1 0.522289 0.12692 0.350791
-1 0.0415471 0.294437 0.664016
1 0.607965 0.221087 0.170948
-1 0.203817 0.336225 0.459958
0 0.220649 0.459274 0.320077
0 0.273838 0.611212 0.114951
0 0.249103 0.464986 0.28591
0 0.14341 0.657946 0.198644
0 0.240176 0.475557 0.284267
-1 0.349037 0.276643 0.37432
-1 0.228585 0.265808 0.505607
-1 0.332906 0.204848 0.462246
-1 0.370807 0.220309 0.408884
0 0.228971 0.386961 0.384068
1 0.462223 0.166497 0.37128
0 0.160724 0.524473 0.314802
-1 0.27888 0.216425 0.504695
1 0.383653 0.319237 0.297111
1 0.497524 0.395187 0.107289
1 0.542334 0.24694 0.210725
-1 0.213836 0.271804 0.51436
0 0.308679 0.36467 0.326651
1 0.598312 0.174043 0.227644
0 0.238012 0.524668 0.23732
-1 0.130798 0.148736 0.720467
0 0.230282 0.422233 0.347485
-1 0.0416451 0.415794 0.542561
1 0.469942 0.404013 0.126045
0 0.071629 0.884253 0.0441184
1 0.490292 0.356252 0.153456
1 0.575078 0.226538 0.198384
1 0.411367 0.215844 0.37279
1 0.383042 0.358624 0.258334
-1 0.378682 0.126563 0.494755
-1 0.1347 0.28622 0.579079
1 0.635248 0.0786241 0.286128
-1 0.140858 0.187037 0.672105
1 0.504247 0.092452 0.403301
-1 0.299301 0.170826 0.529873
-1 0.392861 0.0873901 0.519749
-1 0.16238 0.300277 0.537343
-1 0.208205 0.203234 0.58856
1 0.342119 0.327116 0.330766
-1 0.149905 0.0804857 0.769609
0 0.225699 0.737318 0.0369832
0 0.24145 0.406181 0.352369
-1 0.296432 0.257487 0.446081
1 0.402648 0.233706 0.363646
0 0.21345 0.586003 0.200547
-1 0.196797 0.20014 0.603062
-1 0.393263 0.187367 0.419371
0 0.200716 0.48964 0.309644
-1 0.310927 0.241869 0.447204
0 0.361391 0.367756 0.270852
-1 0.243141 0.315504 0.441355
-1 0.351572 0.262509 0.385918
0 0.148902 0.696158 0.15494
-1 0.375114 0.207839 0.417047
-1 0.315833 0.33663 0.347537
0 0.222375 0.465371 0.312254
-1 0.259497 0.315389 0.425114
0 0.329862 0.504399 0.165739
-1 0.290181 0.177679 0.532141
1 0.433368 0.223721 0.342911
0 0.145095 0.428669 0.426236
1 0.466014 0.436284 0.097702
1 0.389248 0.274595 0.336157
1 0.398027 0.369942 0.232031
0 0.378128 0.452043 0.169828
-1 0.300957 0.299956 0.399087
0 0.211853 0.716095 0.072052
0 0.295693 0.600562 0.103745
0 0.00584224 0.936787 0.0573708
0 0.158545 0.767221 0.0742345
0 0.353342 0.520052 0.126606
0 0.36177 0.45835 0.17988
0 0.316587 0.476113 0.2073
0 0.359984 0.368136 0.271879
1 0.405053 0.199788 0.395159
-1 0.167903 0.346141 0.485956
-1 0.246028 0.265651 0.488321
0 0.299821 0.589251 0.110927
-1 0.421849 0.138032 0.440119
0 0.173293 0.518961 0.307745
1 0.711958 0.134513 0.153529
1 0.559158 0.157659 0.283183
1 0.501396 0.176325 0.322278
-1 0.347278 0.21588 0.436842
-1 0.351403 0.185709 0.462888
1 0.399822 0.206018 0.39416
-1 0.277479 0.234928 0.487593
1 0.388216 0.369215 0.242568
-1 0.240674 0.127553 0.631773
1 0.711496 0.133504 0.155
-1 0.332193 0.267756 0.400051
-1 0.228521 0.299866 0.471613
1 0.462306 0.312479 0.225215
0 0.11699 0.643374 0.239636
-1 0.355482 0.264766 0.379751
-1 0.236133 0.136951 0.626915
-1 0.324658 0.206861 0.468481
-1 0.423285 0.114122 0.462594
-1 0.309433 0.175473 0.515094
-1 0.133724 0.207103 0.659173
-1 0.296316 0.0891295 0.614555
-1 0.206048 0.238709 0.555243
1 0.743145 0.0909916 0.165864
-1 0.0525444 0.266935 0.68052
0 0.212636 0.553097 0.234267
-1 0.35034 0.113101 0.536559
-1 0.32377 0.173777 0.502453
0 0.144552 0.524924 0.330524
-1 0.226447 0.184517 0.589036
1 0.375652 0.283933 0.340415
-1 0.237927 0.295456 0.466617
-1 0.20374 0.273482 0.522778
1 0.395754 0.288707 0.315539
1 0.429943 0.357206 0.212851
0 0.353462 0.413389 0.233149
1 0.544129 0.16383 0.292041
1 0.511145 0.191011 0.297843
-1 0.258308 0.217137 0.524554
0 0.329455 0.52564 0.144905
-1 0.332913 0.158454 0.508633
0 0.167046 0.478995 0.353958
1 0.4765 0.39924 0.12426
-1 0.257087 0.361018 0.381896
-1 0.119288 0.23697 0.643742
0 0.169654 0.490982 0.339365
0 0.181072 0.704959 0.113969
0 0.323486 0.464723 0.211791
-1 0.238471 0.126918 0.63461
1 0.503171 0.155086 0.341743
0 0.336994 0.379169 0.283837
0 0.343183 0.417156 0.239661
-1 0.395417 0.194231 0.410352
1 0.679962 0.128948 0.19109
1 0.460813 0.320505 0.218682
1 0.425029 0.250268 0.324703
-1 0.220566 0.267641 0.511793
1 0.564524 0.0529675 0.382509
-1 0.284858 0.271762 0.44338
1 0.521139 0.220589 0.258272
0 0.423257 0.432937 0.143806
0 0.331655 0.390176 0.278169
1 0.60904 0.112148 0.278812
-1 0.22806 0.129219 0.642722
0 0.410365 0.448908 0.140727
-1 0.197097 0.186145 0.616758
-1 0.0859353 0.441445 0.47262
-1 0.350948 0.0796658 0.569387
-1 0.277525 0.100146 0.622329
-1 0.336713 0.0764624 0.586824
0 0.237457 0.483119 0.279425
-1 0.0618244 0.253372 0.684804
-1 0.179673 0.334021 0.486307
0 0.0843498 0.591651 0.323999
-1 0.128106 0.267953 0.603941
0 0.264029 0.410884 0.325087
-1 0.308016 0.222253 0.469731
1 0.43035 0.142083 0.427568
1 0.47394 0.25807 0.267991
0 0.19898 0.590462 0.210558
-1 0.310341 0.148873 0.540786
1 0.476369 0.232712 0.290919
1 0.479053 0.294965 0.225982
1 0.511989 0.198762 0.289249
1 0.414522 0.18358 0.401898
1 0.470741 0.155946 0.373313
1 0.535566 0.179771 0.284663
0 0.285576 0.427358 0.287066
-1 0.0851929 0.225352 0.689455
-1 0.256257 0.331981 0.411762
-1 0.248184 0.272171 0.479646
-1 0.297987 0.155197 0.546817
-1 0.231826 0.381128 0.387046
-1 0.243369 0.133552 0.623079
0 0.34502 0.416317 0.238663
-1 0.206556 0.198048 0.595397
1 0.594656 0.356081 0.0492626
0 0.278378 0.431745 0.289877
-1 0.337642 0.272274 0.390084
1 0.409222 0.224917 0.365861
-1 0.438825 0.119583 0.441592
1 0.397043 0.289237 0.31372
1 0.57401 0.155405 0.270585
1 0.563182 0.137589 0.299229
1 0.565082 0.162011 0.272907
1 0.513507 0.11772 0.368773
1 0.475396 0.199089 0.325515
1 0.453669 0.386338 0.159993
-1 0.0854783 0.438471 0.476051
-1 0.142713 0.383333 0.473954
-1 0.112466 0.335988 0.551546
0 0.355147 0.439792 0.205062
-1 0.120548 0.179965 0.699487
1 0.341972 0.316118 0.34191
-1 0.277513 0.103077 0.61941
0 0.159789 0.581018 0.259193
-1 0.111069 0.117865 0.771066
