labels 1 0 -1
0 0.0869505 0.68703 0.22602
0 0.0801243 0.859435 0.0604409
0 0.0857572 0.751261 0.162982
0 0.120478 0.646569 0.232953
0 0.34798 0.463019 0.189001
0 0.217795 0.688483 0.0937222
0 0.317927 0.464255 0.217817
0 0.249766 0.608732 0.141503
0 0.340447 0.484802 0.174751
1 0.420259 0.372305 0.207436
0 0.159569 0.68435 0.156081
0 0.213974 0.576089 0.209937
0 0.166079 0.436116 0.397805
-1 0.179439 0.336231 0.48433
0 0.221569 0.43051 0.347921
0 0.26712 0.434424 0.298456
0 0.243464 0.385746 0.370789
0 0.30254 0.351622 0.345838
-1 0.205412 0.269532 0.525056
-1 0.31139 0.258758 0.429852
-1 0.0465984 0.399142 0.55426
0 0.208672 0.676921 0.114407
-1 0.379032 0.0782549 0.542714
1 0.435057 0.303932 0.261011
0 0.314217 0.378994 0.30679
-1 0.219794 0.171024 0.609182
0 0.163432 0.443776 0.392792
-1 0.133897 0.340296 0.525807
-1 0.104072 0.300499 0.595429
0 0.383454 0.420884 0.195662
-1 0.170006 0.193199 0.636795
1 0.461258 0.292894 0.245848
1 0.473035 0.10474 0.422225
-1 0.115662 0.157211 0.727127
0 0.209297 0.505511 0.285192
-1 0.167548 0.332241 0.500211
-1 0.183238 0.382872 0.433889
-1 0.221279 0.334853 0.443868
1 0.362946 0.300031 0.337024
0 0.435879 0.479187 0.0849342
0 0.028212 0.672574 0.299214
0 0.145099 0.468429 0.386472
-1 0.132717 0.297225 0.570058
0 0.195653 0.5637 0.240647
0 0.093382 0.867334 0.0392838
-1 0.431245 0.110328 0.458427
-1 0.119011 0.239508 0.641481
-1 0.178344 0.355798 0.465859
1 0.645178 0.11652 0.238302
-1 0.0797057 0.433528 0.486766
1 0.723539 0.1498 0.126661
-1 0.0426096 0.114409 0.842981
0 0.0346953 0.772797 0.192507
0 0.142939 0.698056 0.159005
0 0.0385415 0.678581 0.282877
0 0.0880823 0.821262 0.090656
-1 0.235228 0.202097 0.562674
0 0.434493 0.468867 0.0966406
0 0.392066 0.417657 0.190277
0 0.367372 0.400662 0.231966
0 0.333902 0.450579 0.215519
0 0.167047 0.612529 0.220424
0 0.353277 0.37007 0.276653
0 0.195123 0.684379 0.120498
0 0.210861 0.40633 0.382809
0 0.145787 0.440724 0.413489
0 0.247059 0.562972 0.189968
1 0.589348 0.344647 0.066005
0 0.131282 0.509151 0.359567
0 0.179603 0.544547 0.27585
-1 0.410478 0.0698185 0.519703
0 0.287462 0.611242 0.101296
-1 0.175528 0.273813 0.550659
-1 0.255766 0.281122 0.463113
0 0.0145284 0.573495 0.411977
0 0.253272 0.639143 0.107586
-1 0.0107324 0.426192 0.563076
0 0.152856 0.731836 0.115308
1 0.582152 0.181393 0.236455
-1 0.288893 0.260789 0.450318
0 0.336087 0.511401 0.152512
1 0.449918 0.158465 0.391617
-1 0.116564 0.262534 0.620902
-1 0.294604 0.0976374 0.607758
-1 0.155113 0.121625 0.723262
1 0.556034 0.159678 0.284288
-1 0.316396 0.0637078 0.619896
-1 0.197265 0.130466 0.67227
-1 0.0742083 0.306055 0.619736
-1 0.29344 0.341275 0.365285
1 0.437023 0.20827 0.354707
-1 0.0311531 0.065704 0.903143
1 0.510954 0.466477 0.0225687
-1 0.0904014 0.231184 0.678415
0 0.242004 0.669457 0.0885394
0 0.201979 0.521078 0.276944
1 0.478218 0.453057 0.0687257
0 0.377459 0.442845 0.179697
0 0.265766 0.41283 0.321403
0 0.138268 0.736062 0.12567
0 0.116941 0.523148 0.359911
0 0.142377 0.792676 0.0649468
0 0.162995 0.548485 0.288521
0 0.232871 0.430618 0.336512
0 0.14295 0.774661 0.0823894
0 0.199353 0.551887 0.24876
0 0.22266 0.602528 0.174812
0 0.1351 0.433213 0.431686
0 0.220058 0.538261 0.241681
0 0.245299 0.628363 0.126338
0 0.285431 0.650558 0.0640115
0 0.386566 0.439645 0.17379
0 0.187434 0.654975 0.15759
1 0.857653 0.0683626 0.0739843
-1 0.381355 0.216587 0.402058
0 0.345209 0.4022 0.252592
0 0.276004 0.554295 0.169701
0 0.219957 0.45828 0.321764
0 0.102339 0.836254 0.061407
0 0.0647966 0.860633 0.0745705
0 0.0033289 0.93762 0.0590516
0 0.0330011 0.930582 0.0364171
0 0.0542457 0.880723 0.0650315
0 0.0367126 0.932497 0.0307902
0 0.158391 0.757614 0.0839945
0 0.197507 0.677847 0.124646
1 0.490854 0.448318 0.0608273
0 0.315446 0.553257 0.131298
0 0.168809 0.601298 0.229893
0 0.392986 0.519694 0.0873195
1 0.426523 0.258705 0.314771
-1 0.317906 0.14667 0.535424
1 0.591539 0.0711566 0.337305
-1 0.389832 0.0656599 0.544508
-1 0.31209 0.318409 0.3695
-1 0.0980835 0.356797 0.545119
1 0.414483 0.31723 0.268286
1 0.415238 0.24422 0.340543
-1 0.310699 0.229427 0.459875
1 0.494603 0.273246 0.232151
-1 0.198548 0.2178 0.583651
1 0.794955 0.0856256 0.119419
-1 0.175914 0.0694368 0.75465
1 0.528799 0.380164 0.091037
1 0.780588 0.0887663 0.130646
-1 0.164077 0.358697 0.477227
1 0.47819 0.235622 0.286189
1 0.439182 0.303855 0.256963
1 0.548124 0.165998 0.285878
1 0.702541 0.140573 0.156887
-1 0.160384 0.103954 0.735662
-1 0.107196 0.336487 0.556317
0 0.31888 0.354491 0.326628
-1 0.202279 0.290947 0.506774
1 0.492995 0.161605 0.345399
-1 0.0378123 0.154324 0.807864
1 0.670825 0.24646 0.0827147
1 0.584887 0.135863 0.27925
0 0.107324 0.483966 0.40871
0 0.412577 0.478706 0.108718
0 0.264858 0.42266 0.312482
0 0.221664 0.550905 0.227431
0 0.116915 0.671308 0.211777
0 0.139304 0.488253 0.372443
0 0.200275 0.449178 0.350548
-1 0.203643 0.344789 0.451568
0 0.307411 0.541912 0.150677
1 0.476509 0.150898 0.372592
1 0.445459 0.200089 0.354452
1 0.424797 0.258582 0.316621
1 0.494233 0.305592 0.200175
-1 0.114463 0.307476 0.578062
0 0.35865 0.533865 0.107485
1 0.503518 0.299137 0.197345
0 0.358179 0.442731 0.19909
0 0.182062 0.622761 0.195177
1 0.558239 0.250852 0.190909
0 0.186894 0.616763 0.196343
0 0.28195 0.519008 0.199041
1 0.4889 0.42369 0.0874096
1 0.866205 0.0531569 0.0806379
1 0.512438 0.27345 0.214112
1 0.561246 0.337685 0.101069
1 0.817051 0.0933488 0.0895997
1 0.763993 0.106602 0.129404
1 0.351116 0.315455 0.333429
1 0.380485 0.295032 0.324484
0 0.229563 0.403607 0.366831
1 0.695867 0.145497 0.158636
1 0.459812 0.207091 0.333097
1 0.735122 0.0447069 0.220171
-1 0.260828 0.214806 0.524366
0 0.385799 0.452184 0.162017
1 0.867421 0.0523601 0.0802184
1 0.514782 0.25613 0.229088
1 0.509029 0.236557 0.254414
-1 0.268073 0.288777 0.44315
0 0.0807884 0.662653 0.256559
1 0.558662 0.213272 0.228066
-1 0.230604 0.115671 0.653725
1 0.440059 0.250539 0.309401
-1 0.178043 0.345046 0.476912
-1 0.0195073 0.312028 0.668465
0 0.102097 0.616393 0.28151
0 0.200376 0.531285 0.268339
0 0.226221 0.570666 0.203114
0 0.0938721 0.609264 0.296864
0 0.252265 0.618441 0.129294
-1 0.142124 0.360421 0.497454
0 0.217362 0.45776 0.324879
0 0.12784 0.679415 0.192745
0 0.208738 0.67077 0.120492
-1 0.29635 0.246625 0.457025
-1 0.292573 0.122857 0.58457
-1 0.364054 0.200098 0.435848
1 0.529016 0.315763 0.155221
1 0.569473 0.141186 0.28934
1 0.414966 0.216065 0.368969
0 0.233752 0.575719 0.19053
0 0.0551078 0.50681 0.438082
0 0.100764 0.689433 0.209803
-1 0.181278 0.264222 0.5545
-1 0.298703 0.348694 0.352603
0 0.233786 0.498268 0.267946
-1 0.208091 0.350793 0.441116
0 0.337093 0.446416 0.216491
-1 0.111039 0.349789 0.539171
1 0.516495 0.265539 0.217965
0 0.251834 0.394889 0.353277
0 0.036349 0.884919 0.0787324
0 0.331711 0.483494 0.184795
-1 0.185074 0.0436351 0.771291
1 0.52183 0.125753 0.352417
1 0.714714 0.0526399 0.232646
-1 0.255095 0.22655 0.518355
-1 0.350281 0.297017 0.352702
1 0.754265 0.0817796 0.163955
1 0.609215 0.118084 0.272702
1 0.755473 0.109567 0.13496
0 0.13985 0.608143 0.252007
-1 0.10369 0.36605 0.530261
-1 0.0297761 0.37968 0.590544
0 0.0536045 0.679278 0.267118
-1 0.259503 0.334502 0.405995
1 0.835006 0.124808 0.0401861
1 0.488314 0.167609 0.344077
1 0.702299 0.194213 0.103487
-1 0.320806 0.318645 0.360549
