labels 1 0 -1
0 0.079432 0.837031 0.0835373
0 0.14402 0.771737 0.0842424
1 0.373737 0.263786 0.362477
1 0.414178 0.310168 0.275654
1 0.385284 0.334527 0.280188
0 0.34227 0.456629 0.201101
-1 0.179058 0.358549 0.462394
1 0.384576 0.235705 0.379718
0 0.272011 0.488119 0.239871
1 0.384198 0.266654 0.349148
0 0.141966 0.7474 0.110634
0 0.197513 0.525757 0.276729
0 0.284891 0.443953 0.271156
0 0.253376 0.500593 0.246032
0 0.235463 0.505017 0.259521
0 0.211788 0.547107 0.241105
-1 0.331047 0.270662 0.398291
1 0.362125 0.360019 0.277856
-1 0.141517 0.285458 0.573025
-1 0.251908 0.225817 0.522275
1 0.565466 0.115366 0.319168
1 0.465778 0.153484 0.380738
1 0.429517 0.153435 0.417049
1 0.388779 0.275974 0.335246
0 0.299379 0.361438 0.339182
-1 0.328497 0.200516 0.470987
0 0.303 0.509411 0.187589
0 0.22957 0.537764 0.232666
0 0.248588 0.406019 0.345393
-1 0.157844 0.389195 0.452961
1 0.403215 0.275924 0.320861
1 0.474309 0.376604 0.149087
-1 0.359468 0.264777 0.375755
0 0.298874 0.358062 0.343064
0 0.311053 0.451087 0.23786
0 0.214536 0.556518 0.228946
-1 0.357586 0.260385 0.382029
1 0.41293 0.177618 0.409452
0 0.267908 0.515684 0.216408
0 0.187664 0.736054 0.0762819
0 0.257856 0.570646 0.171498
-1 0.298208 0.263059 0.438732
0 0.24019 0.498764 0.261045
-1 0.357248 0.232625 0.410126
0 0.208776 0.733485 0.0577386
-1 0.304671 0.165986 0.529343
1 0.352557 0.314592 0.332851
0 0.307977 0.472364 0.219659
-1 0.306604 0.159408 0.533988
-1 0.0829402 0.308619 0.60844
-1 0.228438 0.228025 0.543537
1 0.461418 0.306254 0.232328
1 0.441128 0.346726 0.212146
0 0.14317 0.713573 0.143256
0 0.310987 0.530412 0.158601
0 0.131996 0.632341 0.235663
0 0.322636 0.489957 0.187406
0 0.361642 0.46517 0.173188
0 0.15619 0.667276 0.176534
0 0.122238 0.688523 0.189239
0 0.208076 0.588159 0.203765
0 0.167966 0.722292 0.109742
0 0.244836 0.579004 0.17616
0 0.141672 0.771146 0.0871825
1 0.358903 0.307658 0.333439
-1 0.339617 0.272189 0.388194
0 0.295581 0.533224 0.171195
0 0.168291 0.709221 0.122488
-1 0.331426 0.217302 0.451272
0 0.292461 0.365214 0.342325
-1 0.24386 0.324088 0.432052
0 0.175881 0.759693 0.0644258
-1 0.186269 0.289573 0.524158
0 0.297522 0.386378 0.316099
0 0.0587688 0.657238 0.283993
1 0.592099 0.194121 0.213781
1 0.41304 0.19744 0.38952
1 0.434256 0.204618 0.361126
-1 0.393395 0.204571 0.402034
-1 0.383819 0.192765 0.423416
0 0.359877 0.472612 0.167511
-1 0.345655 0.223346 0.430999
0 0.351787 0.394412 0.253801
-1 0.308209 0.184504 0.507288
-1 0.402711 0.168748 0.42854
-1 0.394422 0.191204 0.414374
0 0.303969 0.51183 0.184201
-1 0.249024 0.358365 0.39261
0 0.333348 0.378311 0.288341
0 0.152596 0.462787 0.384617
0 0.270998 0.531242 0.19776
-1 0.17353 0.113695 0.712775
0 0.211598 0.769014 0.0193872
0 0.326347 0.504848 0.168805
0 0.226892 0.532605 0.240504
0 0.211024 0.593464 0.195512
0 0.314888 0.612616 0.072496
0 0.180746 0.664731 0.154522
0 0.25822 0.4488 0.29298
0 0.248181 0.605691 0.146128
0 0.209096 0.535041 0.255863
0 0.184053 0.640182 0.175765
0 0.177637 0.6275 0.194863
0 0.102149 0.722507 0.175344
0 0.0562057 0.916505 0.0272888
0 0.121866 0.739643 0.138491
0 0.0923502 0.779727 0.127923
0 0.151577 0.763627 0.0847959
0 0.134477 0.747548 0.117975
0 0.203079 0.735582 0.061339
1 0.436626 0.431263 0.132111
-1 0.35705 0.207287 0.435663
-1 0.237135 0.240337 0.522528
1 0.385529 0.257828 0.356643
1 0.395331 0.224116 0.380553
1 0.395605 0.217146 0.387249
0 0.252346 0.497881 0.249772
-1 0.322358 0.303266 0.374376
0 0.0955327 0.86993 0.0345378
0 0.0590288 0.899071 0.0419006
0 0.0662117 0.900916 0.0328721
0 0.122495 0.77956 0.0979457
0 0.109247 0.762481 0.128272
0 0.116477 0.729317 0.154206
0 0.0871712 0.791871 0.120957
0 0.138384 0.698613 0.163003
1 0.510797 0.345634 0.143569
0 0.325591 0.355469 0.318941
0 0.261338 0.495166 0.243496
0 0.100499 0.853606 0.0458954
-1 0.269519 0.0880132 0.642468
-1 0.283061 0.191813 0.525127
1 0.467081 0.125171 0.407748
-1 0.413948 0.131138 0.454914
1 0.437381 0.261914 0.300705
0 0.263516 0.368916 0.367568
-1 0.378184 0.242276 0.37954
1 0.441314 0.229262 0.329424
1 0.425093 0.236409 0.338497
0 0.320093 0.443916 0.235991
1 0.448285 0.128705 0.42301
1 0.544765 0.134434 0.320801
-1 0.429801 0.132849 0.437351
-1 0.218543 0.253266 0.528192
-1 0.300985 0.210751 0.488264
-1 0.27742 0.150792 0.571788
1 0.498322 0.161812 0.339865
1 0.418253 0.190902 0.390845
1 0.481038 0.155469 0.363493
1 0.434392 0.276191 0.289417
-1 0.316928 0.311709 0.371364
-1 0.358915 0.278749 0.362336
1 0.442967 0.145786 0.411247
1 0.384108 0.381879 0.234013
0 0.320933 0.435794 0.243273
1 0.374626 0.2855 0.339874
0 0.301641 0.462026 0.236333
0 0.319809 0.350735 0.329455
0 0.163873 0.541525 0.294602
0 0.178276 0.695492 0.126232
0 0.141065 0.634394 0.224542
0 0.212846 0.631346 0.155808
0 0.174935 0.670149 0.154916
1 0.404539 0.224446 0.371016
1 0.486797 0.277989 0.235214
1 0.405457 0.212591 0.381952
1 0.428434 0.213635 0.357931
1 0.426345 0.156006 0.417649
1 0.458491 0.193 0.348509
-1 0.133475 0.196703 0.669822
-1 0.246807 0.348657 0.404536
1 0.474982 0.261134 0.263885
-1 0.301614 0.208777 0.489609
-1 0.324688 0.168654 0.506657
1 0.445519 0.262318 0.292163
0 0.397352 0.416296 0.186352
-1 0.200857 0.32829 0.470853
-1 0.30801 0.234159 0.457831
1 0.519647 0.176363 0.303989
1 0.495442 0.249581 0.254976
1 0.596761 0.177845 0.225394
1 0.568969 0.171522 0.259509
1 0.40533 0.288001 0.306669
1 0.597088 0.0987617 0.30415
1 0.543816 0.110385 0.345799
1 0.433462 0.299952 0.266586
-1 0.349174 0.231078 0.419748
1 0.473727 0.154228 0.372045
1 0.52233 0.0837519 0.393918
1 0.575796 0.157624 0.26658
-1 0.281537 0.262826 0.455637
1 0.585404 0.112733 0.301863
-1 0.342815 0.103238 0.553948
1 0.529166 0.157936 0.312898
-1 0.37449 0.198453 0.427057
1 0.588587 0.126575 0.284838
1 0.444443 0.149215 0.406341
1 0.389155 0.227188 0.383657
-1 0.355253 0.195486 0.449261
1 0.517111 0.137354 0.345535
1 0.533068 0.110862 0.35607
0 0.376853 0.436667 0.18648
0 0.25337 0.39397 0.35266
0 0.221189 0.413861 0.364949
0 0.273988 0.470714 0.255298
0 0.280177 0.475224 0.2446
0 0.318103 0.510341 0.171556
0 0.277115 0.457956 0.264929
-1 0.420499 0.158235 0.421267
1 0.427723 0.265122 0.307155
0 0.273951 0.605157 0.120892
0 0.235878 0.439592 0.32453
-1 0.398717 0.161004 0.44028
1 0.492573 0.177899 0.329528
1 0.431926 0.207754 0.36032
1 0.489651 0.186507 0.323843
1 0.537493 0.150924 0.311584
1 0.447376 0.163226 0.389398
0 0.127194 0.763892 0.108914
0 0.138213 0.568401 0.293386
0 0.15714 0.560956 0.281904
0 0.29764 0.453535 0.248825
0 0.235887 0.475257 0.288856
0 0.267921 0.575275 0.156804
0 0.159663 0.530356 0.309981
1 0.445561 0.308905 0.245533
1 0.437901 0.183547 0.378552
1 0.438833 0.436967 0.124199
0 0.261268 0.542097 0.196634
0 0.23644 0.415438 0.348122
-1 0.304407 0.251792 0.443801
-1 0.416037 0.127896 0.456067
-1 0.264294 0.265633 0.470073
1 0.502242 0.103331 0.394426
1 0.541846 0.109317 0.348837
1 0.430977 0.159949 0.409075
1 0.48432 0.142916 0.372764
-1 0.279586 0.116427 0.603988
-1 0.312084 0.220189 0.467727
0 0.27514 0.622326 0.102534
0 0.220473 0.460721 0.318807
0 0.14595 0.446229 0.407821
0 0.244582 0.579821 0.175597
-1 0.137367 0.318103 0.544529
0 0.351364 0.41413 0.234507
-1 0.18272 0.398307 0.418973
0 0.222996 0.683247 0.0937562
0 0.292327 0.545295 0.162378
