labels 1 0 -1
-1 0.250421 0.355712 0.393867
0 0.311304 0.537177 0.151519
0 0.206969 0.553963 0.239069
1 0.506549 0.466869 0.0265824
1 0.643292 0.316397 0.0403107
1 0.750541 0.201603 0.047856
-1 0.0981982 0.414172 0.48763
0 0.179511 0.790154 0.0303341
1 0.737878 0.0970143 0.165108
1 0.466589 0.136413 0.396997
0 0.0153744 0.974086 0.0105397
1 0.557811 0.100898 0.341291
-1 0.0766875 0.0308032 0.892509
-1 0.389567 0.140507 0.469926
-1 0.430173 0.0692868 0.50054
-1 0.344114 0.120679 0.535207
-1 0.402762 0.0610303 0.536208
1 0.447529 0.19631 0.356162
0 0.0434449 0.478643 0.477912
1 0.679014 0.227338 0.0936475
0 0.0124864 0.97452 0.0129934
0 0.168916 0.731507 0.0995767
1 0.726838 0.0476512 0.225511
1 0.498735 0.144475 0.35679
1 0.545279 0.0712538 0.383467
-1 0.125481 0.0349162 0.839603
-1 0.41598 0.128873 0.455147
-1 0.186644 0.191249 0.622107
0 0.0235616 0.653937 0.322501
-1 0.0506413 0.0190831 0.930276
0 0.0752921 0.663342 0.261366
-1 0.199101 0.0916633 0.709236
1 0.706021 0.0726486 0.22133
-1 0.197029 0.231354 0.571617
1 0.509162 0.108801 0.382037
-1 0.455948 0.0526644 0.491387
0 0.186207 0.553386 0.260407
1 0.613827 0.158158 0.228014
1 0.593915 0.266594 0.139491
1 0.652278 0.114772 0.23295
0 0.0996946 0.674936 0.22537
1 0.736027 0.108632 0.155342
1 0.518372 0.409366 0.0722617
1 0.50722 0.112007 0.380773
0 0.0583481 0.912104 0.0295475
1 0.433645 0.261496 0.304859
0 0.00742157 0.970107 0.0224711
1 0.473863 0.168881 0.357256
1 0.637497 0.0451133 0.31739
0 0.000977435 0.910429 0.0885939
1 0.624758 0.229135 0.146107
-1 0.0563321 0.0398066 0.903861
0 0.345723 0.535274 0.119003
0 0.029394 0.939081 0.0315253
0 0.0927964 0.822299 0.0849042
0 0.0235679 0.851792 0.12464
0 0.118056 0.80385 0.0780938
1 0.407803 0.273629 0.318568
-1 0.227176 0.105687 0.667137
-1 0.271242 0.10279 0.625969
-1 0.387057 0.0568426 0.5561
-1 0.305631 0.179405 0.514964
1 0.578809 0.0458554 0.375335
0 0.270752 0.469065 0.260183
-1 0.238173 0.357504 0.404323
1 0.735856 0.182633 0.0815108
1 0.531949 0.373315 0.0947359
1 0.63551 0.129837 0.234653
-1 0.312266 0.295335 0.392398
0 0.114366 0.811161 0.0744733
1 0.642414 0.103646 0.25394
0 0.289953 0.468222 0.241825
0 0.0110971 0.671182 0.317721
0 0.0247231 0.845752 0.129525
-1 0.00636286 0.111882 0.881756
0 0.0169627 0.979937 0.00310008
0 3.15322e-06 0.999995 2.2633e-06
1 0.739433 0.221462 0.0391049
1 0.842196 0.112601 0.0452028
1 0.859009 0.0396979 0.101293
1 0.594721 0.218793 0.186486
-1 0.382827 0.0258233 0.59135
-1 0.0909788 0.138758 0.770263
1 0.491196 0.0303349 0.478469
-1 0.123404 0.132952 0.743644
1 0.711092 0.01651 0.272398
-1 0.359012 0.107951 0.533037
-1 0.34628 0.0169646 0.636756
-1 0.0721557 0.0892691 0.838575
-1 0.0916717 0.0818797 0.826449
1 0.340639 0.338809 0.320552
-1 0.0926167 0.441032 0.466351
0 2.27917e-09 0.999975 2.54443e-05
0 0.0101151 0.987764 0.00212113
-1 0.346043 0.294662 0.359295
-1 0.383252 0.17921 0.437538
1 0.46272 0.327956 0.209325
-1 0.176353 0.0735643 0.750083
1 0.510161 0.0969524 0.392887
0 0.0852455 0.752989 0.161766
1 0.511034 0.0785506 0.410416
1 0.596213 0.212257 0.19153
1 0.41879 0.186196 0.395014
1 0.457111 0.152181 0.390708
0 0.399351 0.486266 0.114383
1 0.344521 0.343348 0.312131
-1 0.281923 0.275019 0.443058
-1 0.249548 0.353236 0.397216
-1 0.283616 0.224522 0.491863
0 0.436622 0.477542 0.0858363
-1 0.254841 0.19741 0.547749
1 0.630206 0.174866 0.194928
0 0.104684 0.557991 0.337325
1 0.443114 0.286918 0.269968
1 0.589781 0.168781 0.241438
1 0.582553 0.275859 0.141588
1 0.776216 0.11497 0.108814
-1 0.407303 0.160357 0.432339
0 0.0464564 0.944024 0.00952002
1 0.762571 0.158882 0.0785471
0 8.79917e-06 0.997345 0.00264608
0 0.00234564 0.997294 0.000360852
0 0.446733 0.538502 0.0147654
1 0.475026 0.426038 0.0989366
1 0.480184 0.395031 0.124786
1 0.518798 0.178395 0.302807
-1 0.290797 0.11987 0.589333
0 0.00735011 0.987179 0.00547079
-1 0.111859 0.249848 0.638292
0 0.197143 0.767026 0.0358304
0 0.320289 0.370822 0.308889
0 0.0048326 0.961649 0.0335184
1 0.680243 0.0727594 0.246998
1 0.694337 0.0432496 0.262413
1 0.501748 0.0627754 0.435477
1 0.594 0.163182 0.242818
1 0.613574 0.0460781 0.340348
1 0.533152 0.0632795 0.403569
1 0.496062 0.102116 0.401822
0 0.151313 0.790667 0.05802
1 0.521225 0.0499881 0.428787
1 0.662211 0.236559 0.10123
1 0.676719 0.133691 0.189589
1 0.411323 0.32928 0.259397
1 0.659551 0.252998 0.0874513
0 0.37355 0.51798 0.108471
-1 0.337238 0.16209 0.500672
-1 0.0974331 0.0270637 0.875503
-1 0.300407 0.129529 0.570065
1 0.50963 0.0462564 0.444113
-1 0.27623 0.0328374 0.690933
-1 0.0655869 0.0366387 0.897774
1 0.519537 0.0140476 0.466415
-1 0.108271 0.153899 0.73783
1 0.617688 0.159976 0.222337
-1 0.0335076 0.165314 0.801178
0 0.0114249 0.972882 0.0156929
1 0.467791 0.076512 0.455697
-1 0.162932 0.196825 0.640242
0 0.131393 0.51168 0.356927
-1 0.242171 0.0702503 0.687579
1 0.43812 0.15983 0.40205
-1 0.268105 0.119411 0.612484
0 0.0492503 0.714086 0.236663
0 0.376885 0.449239 0.173876
1 0.638281 0.254761 0.106957
1 0.48908 0.418993 0.0919265
1 0.849821 0.0700321 0.0801466
1 0.719763 0.102686 0.17755
0 0.079972 0.630359 0.289669
0 0.321006 0.607664 0.0713301
-1 0.122415 0.0410208 0.836564
0 0.131453 0.769527 0.0990203
1 0.538027 0.411537 0.0504361
-1 0.277811 0.294214 0.427975
-1 0.0997928 0.0345232 0.865684
0 0.156823 0.583122 0.260055
1 0.603011 0.315245 0.0817446
0 0.124753 0.663954 0.211293
-1 0.248969 0.0532657 0.697765
1 0.39723 0.343341 0.259429
0 0.418435 0.478573 0.102992
0 0.100047 0.8467 0.0532532
0 0.119933 0.704392 0.175675
1 0.614464 0.289896 0.0956399
0 0.411002 0.457284 0.131714
-1 0.26824 0.233757 0.498003
-1 0.283131 0.0716268 0.645242
1 0.849909 0.0098812 0.140209
1 0.498732 0.181706 0.319562
0 0.130549 0.562221 0.30723
1 0.773714 0.121318 0.104969
1 0.566921 0.248562 0.184517
1 0.779657 0.0892487 0.131094
1 0.477427 0.282537 0.240036
0 0.2313 0.717317 0.0513828
-1 0.0381533 0.0453684 0.916478
0 0.0519259 0.711365 0.236709
-1 0.226695 0.0536437 0.719661
1 0.609376 0.00465265 0.385972
-1 0.461611 0.0238412 0.514547
0 0.0503112 0.882816 0.0668733
-1 0.049347 0.382969 0.567684
-1 0.0904037 0.128015 0.781582
0 0.0693803 0.508696 0.421924
-1 0.302227 0.0811548 0.616618
-1 0.298559 0.227987 0.473454
1 0.662341 0.0421443 0.295514
1 0.613925 0.0791209 0.306954
1 0.665476 0.180243 0.154282
0 0.0984029 0.845106 0.0564912
1 0.546305 0.0919599 0.361735
0 0.178962 0.79568 0.0253585
1 0.632106 0.262668 0.105226
1 0.638215 0.100914 0.260871
1 0.49176 0.144263 0.363977
1 0.519954 0.161089 0.318957
1 0.585246 0.28503 0.129724
-1 0.35166 0.296129 0.352211
0 0.0250938 0.734547 0.24036
-1 0.158887 0.102198 0.738915
-1 0.209751 0.0800951 0.710154
-1 0.231726 0.0442219 0.724052
-1 0.332776 0.222735 0.444489
-1 0.20914 0.0502826 0.740577
0 0.0589598 0.750265 0.190775
-1 0.136025 0.104993 0.758982
0 0.0278736 0.971103 0.00102384
0 0.202161 0.771589 0.0262499
0 0.242061 0.435438 0.322501
1 0.69352 0.115189 0.191291
1 0.564466 0.103506 0.332029
-1 0.162368 0.378455 0.459177
-1 0.288008 0.127054 0.584938
-1 0.382442 0.123818 0.49374
1 0.658587 0.127465 0.213949
1 0.591376 0.0834756 0.325148
1 0.552889 0.321268 0.125843
1 0.860906 0.0807707 0.0583231
0 0.129533 0.58522 0.285246
0 0.0120694 0.940644 0.0472868
-1 0.0546666 0.233172 0.712162
-1 0.144188 0.423949 0.431863
-1 0.0136362 0.188351 0.798013
0 0.204108 0.557727 0.238164
-1 0.083571 0.391387 0.525042
0 0.0539378 0.808116 0.137946
-1 0.0712898 0.1296 0.79911
