labels 1 0 -1
-1 0.205991 0.29275 0.501259
0 0.319062 0.442782 0.238156
0 0.0968385 0.589748 0.313413
0 0.456464 0.47355 0.0699864
0 0.430795 0.497333 0.071872
0 0.365558 0.599698 0.0347442
-1 0.250961 0.368196 0.380843
0 0.390634 0.528007 0.0813582
1 0.541621 0.334458 0.123921
1 0.488898 0.206821 0.304281
0 0.112277 0.821502 0.0662218
-1 0.334439 0.24147 0.42409
-1 0.0908642 0.149564 0.759572
-1 0.182023 0.400846 0.417131
-1 0.33119 0.221395 0.447415
-1 0.260581 0.329765 0.409654
-1 0.32203 0.158294 0.519677
1 0.378266 0.273461 0.348273
-1 0.125558 0.224938 0.649504
1 0.565189 0.265835 0.168976
0 0.121249 0.797392 0.0813587
0 0.196246 0.738042 0.065712
1 0.592245 0.0863814 0.321373
1 0.431752 0.20458 0.363668
1 0.474498 0.113517 0.411984
-1 0.173691 0.060883 0.765426
0 0.146033 0.522546 0.331421
-1 0.210804 0.306571 0.482625
0 0.0618206 0.556788 0.381392
-1 0.117606 0.0878372 0.794557
-1 0.239648 0.305975 0.454376
1 0.687706 0.14751 0.164784
1 0.597464 0.069521 0.333015
-1 0.188877 0.108273 0.702849
1 0.484207 0.256615 0.259179
-1 0.292833 0.147084 0.560082
0 0.296991 0.375866 0.327143
1 0.573085 0.227532 0.199384
1 0.544189 0.26306 0.192752
0 0.382597 0.460337 0.157066
-1 0.097803 0.394619 0.507578
-1 0.38005 0.231674 0.388276
0 0.327413 0.428381 0.244206
0 0.305927 0.404368 0.289705
0 0.184136 0.782928 0.0329353
-1 0.412145 0.12053 0.467325
0 0.18159 0.55977 0.258641
0 0.12713 0.640253 0.232617
1 0.742195 0.10007 0.157735
-1 0.034071 0.261581 0.704348
1 0.65667 0.177428 0.165902
-1 0.0999044 0.0545989 0.845497
0 0.169869 0.659259 0.170871
0 0.185243 0.67475 0.140007
0 0.0543912 0.664607 0.281002
0 0.0439729 0.722638 0.233389
0 0.144245 0.580729 0.275026
1 0.594247 0.214797 0.190956
1 0.43232 0.136992 0.430689
1 0.624244 0.0806624 0.295094
1 0.555792 0.157235 0.286973
0 0.197484 0.469681 0.332835
1 0.468802 0.225762 0.305435
0 0.231411 0.555379 0.21321
-1 0.136219 0.351743 0.512038
1 0.81127 0.119581 0.0691494
0 0.220816 0.70718 0.0720039
1 0.551333 0.350454 0.0982133
-1 0.225769 0.269496 0.504735
0 0.263459 0.500518 0.236023
1 0.569563 0.170972 0.259465
0 0.295897 0.596199 0.107904
-1 0.089323 0.260544 0.650133
0 0.208967 0.525114 0.265919
-1 0.0205199 0.226944 0.752536
0 0.42216 0.502588 0.075252
0 0.130485 0.83253 0.0369847
0 0.221194 0.718833 0.0599734
1 0.607626 0.321085 0.0712892
1 0.704227 0.0996041 0.196169
0 0.320759 0.481872 0.197369
-1 0.458013 0.0723288 0.469658
-1 0.120991 0.155357 0.723652
-1 0.233724 0.135494 0.630782
-1 0.196112 0.117241 0.686646
1 0.592095 0.119379 0.288526
-1 0.353562 0.0656366 0.580801
-1 0.329912 0.0639935 0.606095
-1 0.116796 0.270754 0.61245
-1 0.115234 0.282709 0.602057
1 0.461113 0.254659 0.284227
-1 0.174215 0.171476 0.654309
0 0.148129 0.841168 0.0107025
0 0.141675 0.655969 0.202357
1 0.620152 0.177684 0.202164
-1 0.264895 0.170053 0.565052
1 0.568087 0.312094 0.119819
1 0.513877 0.116098 0.370024
1 0.631562 0.107792 0.260646
0 0.211011 0.717908 0.0710814
1 0.356717 0.325139 0.318143
1 0.495993 0.415263 0.0887439
0 0.287252 0.401082 0.311665
1 0.436192 0.236315 0.327493
0 0.265754 0.587558 0.146688
1 0.345627 0.318058 0.336315
-1 0.333007 0.242374 0.424619
-1 0.0536018 0.35678 0.589618
1 0.498854 0.276326 0.224821
0 0.381717 0.511076 0.107207
-1 0.247876 0.346681 0.405443
0 0.327592 0.34963 0.322778
0 0.367643 0.427582 0.204776
0 0.433268 0.53155 0.035182
1 0.457863 0.389587 0.15255
1 0.506067 0.340294 0.153639
1 0.438166 0.434725 0.127109
-1 0.356691 0.234106 0.409203
0 0.0835153 0.884333 0.0321518
0 0.282271 0.639796 0.0779333
0 0.00791678 0.907405 0.0846786
0 0.0137678 0.959343 0.0268894
0 0.225393 0.681782 0.0928249
0 0.0456038 0.896019 0.0583773
0 0.335091 0.544602 0.120307
0 0.324541 0.482079 0.19338
1 0.373935 0.373646 0.252419
0 0.062746 0.895035 0.0422191
0 0.161982 0.437517 0.400501
1 0.500628 0.46642 0.0329516
0 0.357118 0.408077 0.234805
-1 0.170856 0.399752 0.429393
1 0.440192 0.192044 0.367765
1 0.621757 0.140379 0.237864
1 0.526755 0.158703 0.314542
1 0.422336 0.229103 0.348562
1 0.520904 0.108814 0.370282
-1 0.353103 0.259463 0.387434
1 0.433831 0.150425 0.415744
0 0.320846 0.505292 0.173862
1 0.461673 0.0840446 0.454282
1 0.664516 0.23704 0.0984441
1 0.398299 0.265451 0.336249
1 0.456928 0.399815 0.143257
1 0.718515 0.174401 0.107084
0 0.216226 0.701044 0.0827298
-1 0.379253 0.15633 0.464416
-1 0.16669 0.067275 0.766035
-1 0.283999 0.0745436 0.641458
-1 0.398395 0.10165 0.499955
-1 0.184846 0.141951 0.673203
-1 0.0949942 0.23938 0.665626
-1 0.388563 0.109138 0.502299
-1 0.178828 0.281544 0.539628
1 0.65721 0.130278 0.212512
-1 0.0587758 0.109711 0.831513
0 0.0677424 0.814101 0.118157
1 0.722085 0.0674459 0.21047
-1 0.216808 0.15939 0.623802
1 0.544736 0.262877 0.192387
1 0.522016 0.123196 0.354788
-1 0.325595 0.276816 0.397588
-1 0.158509 0.419485 0.422006
0 0.084895 0.580948 0.334157
0 0.406253 0.41783 0.175917
1 0.422248 0.345984 0.231768
0 0.350948 0.591217 0.0578347
1 0.642378 0.182244 0.175379
1 0.490241 0.202907 0.306852
0 0.348381 0.400933 0.250686
1 0.511454 0.337547 0.150999
-1 0.282536 0.195004 0.52246
0 0.359691 0.439371 0.200938
1 0.534123 0.380765 0.0851118
0 0.260484 0.513159 0.226358
-1 0.109291 0.0744461 0.816262
1 0.562895 0.15429 0.282815
0 0.394736 0.508489 0.096775
0 0.111814 0.814294 0.0738924
-1 0.239962 0.0584058 0.701632
1 0.452383 0.104935 0.442681
1 0.421527 0.403565 0.174908
0 0.315606 0.504674 0.17972
-1 0.361657 0.257968 0.380374
1 0.573038 0.235988 0.190974
0 0.149683 0.704983 0.145334
-1 0.344285 0.229685 0.42603
-1 0.262661 0.19983 0.537509
1 0.722676 0.0635863 0.213738
-1 0.363542 0.179327 0.457131
1 0.624705 0.18207 0.193225
1 0.417916 0.416845 0.16524
0 0.259802 0.60937 0.130828
1 0.508602 0.146673 0.344725
1 0.42758 0.208189 0.364231
0 0.270811 0.626012 0.103178
-1 0.0888744 0.19885 0.712276
-1 0.112542 0.316508 0.570949
-1 0.195054 0.0872582 0.717688
-1 0.306465 0.0617644 0.631771
-1 0.425661 0.0724241 0.501915
0 0.311746 0.524969 0.163285
-1 0.0659253 0.270094 0.66398
-1 0.125124 0.211131 0.663745
-1 0.0803094 0.440711 0.47898
-1 0.260693 0.222999 0.516308
-1 0.278026 0.251096 0.470877
1 0.771133 0.0832176 0.145649
-1 0.321373 0.193012 0.485615
0 0.374656 0.483143 0.142201
0 0.326525 0.53724 0.136235
1 0.5313 0.182234 0.286466
0 0.361222 0.407168 0.23161
1 0.441695 0.272645 0.285659
1 0.463258 0.152076 0.384666
0 0.301218 0.453097 0.245684
1 0.508181 0.184131 0.307688
0 0.365326 0.455286 0.179388
0 0.190059 0.596198 0.213743
-1 0.0675675 0.462808 0.469624
-1 0.124881 0.420994 0.454124
-1 0.131113 0.233168 0.635719
-1 0.331025 0.148215 0.52076
0 0.257212 0.403462 0.339326
-1 0.202981 0.143041 0.653978
0 0.179532 0.517314 0.303154
-1 0.187716 0.181053 0.631231
0 0.332406 0.637314 0.0302807
0 0.322474 0.499067 0.178459
0 0.173277 0.715167 0.111556
1 0.42812 0.270505 0.301375
-1 0.314466 0.106417 0.579117
1 0.377621 0.285514 0.336865
-1 0.439846 0.118064 0.442089
1 0.607337 0.159888 0.232775
1 0.458002 0.362548 0.179451
1 0.564423 0.0952494 0.340328
1 0.517987 0.345444 0.13657
1 0.678089 0.239826 0.0820851
0 0.109927 0.636098 0.253975
-1 0.190887 0.333771 0.475342
-1 0.0542821 0.351974 0.593744
0 0.0267962 0.817381 0.155823
-1 0.0566768 0.364036 0.579287
0 0.348796 0.398705 0.252498
-1 0.361334 0.112184 0.526483
1 0.610425 0.2557 0.133875
-1 0.248015 0.163357 0.588628
