labels 1 0 -1
0 0.281741 0.418586 0.299673
0 0.0601165 0.89115 0.0487339
0 0.315649 0.570889 0.113462
1 0.53992 0.440611 0.0194691
1 0.587066 0.39968 0.0132544
0 0.203722 0.657724 0.138554
-1 0.1484 0.364994 0.486606
0 0.237524 0.580645 0.181831
1 0.789393 0.136294 0.0743131
0 0.146731 0.610969 0.2423
0 0.0454221 0.579456 0.375122
1 0.456156 0.246422 0.297422
-1 0.210758 0.299089 0.490153
0 0.187644 0.501979 0.310377
0 0.243842 0.397885 0.358273
-1 0.227368 0.207465 0.565167
1 0.386814 0.244874 0.368312
-1 0.272974 0.326899 0.400126
0 0.0902101 0.475327 0.434463
0 0.362595 0.550223 0.0871826
0 0.143372 0.72656 0.130069
0 0.152535 0.556716 0.290749
1 0.580049 0.114784 0.305167
-1 0.173928 0.168754 0.657318
0 0.230289 0.565988 0.203723
-1 0.118345 0.0410561 0.840599
-1 0.0752718 0.413177 0.511551
1 0.495295 0.129515 0.37519
0 0.256185 0.429513 0.314303
-1 0.082688 0.261894 0.655418
-1 0.254777 0.36817 0.377053
-1 0.353081 0.112734 0.534184
1 0.522577 0.144489 0.332934
-1 0.0766019 0.253973 0.669425
-1 0.183809 0.0916116 0.724579
0 0.154896 0.571596 0.273508
0 0.287572 0.607923 0.104505
1 0.823565 0.0464727 0.129962
0 0.290512 0.621031 0.0884564
0 0.155878 0.693883 0.150239
-1 0.00749059 0.435327 0.557183
1 0.551467 0.207506 0.241027
1 0.408962 0.321534 0.269504
-1 0.145048 0.183615 0.671337
0 0.0265644 0.949572 0.0238631
1 0.514019 0.0452449 0.440736
0 0.196039 0.602068 0.201894
0 0.265722 0.448341 0.285937
1 0.588273 0.203675 0.208053
-1 0.0131248 0.071469 0.915406
1 0.587543 0.271966 0.140491
-1 0.0348832 0.286029 0.679088
0 0.145742 0.536493 0.317765
0 0.0872954 0.677851 0.234853
-1 0.0251298 0.222388 0.752482
0 0.0549417 0.812321 0.132738
0 0.112181 0.623878 0.263941
0 0.230408 0.614264 0.155327
-1 0.197489 0.370231 0.43228
-1 0.226717 0.329501 0.443782
-1 0.21201 0.172316 0.615674
0 0.104103 0.804275 0.0916222
1 0.476403 0.24817 0.275427
0 0.0612476 0.834953 0.103799
0 0.143304 0.55588 0.300816
1 0.527906 0.369497 0.102597
0 0.23701 0.671297 0.0916936
1 0.888346 0.0840107 0.0276437
-1 0.0227448 0.0794148 0.89784
0 0.226105 0.44791 0.325985
-1 0.387792 0.102073 0.510135
0 0.0170171 0.966909 0.0160743
-1 0.0255564 0.135371 0.839072
-1 0.1973 0.269158 0.533541
0 0.0105356 0.726967 0.262498
1 0.426099 0.380444 0.193457
0 0.31258 0.635203 0.0522168
0 0.414813 0.528054 0.0571325
1 0.712768 0.191112 0.0961196
1 0.674279 0.105282 0.220439
1 0.402889 0.196648 0.400463
1 0.466661 0.228679 0.30466
-1 0.0372395 0.0250631 0.937697
1 0.373655 0.260806 0.365538
-1 0.0481256 0.158218 0.793657
1 0.487484 0.0462004 0.466316
-1 0.03342 0.155782 0.810798
-1 0.151145 0.0960568 0.752798
0 0.16126 0.542938 0.295802
-1 0.234433 0.360582 0.404985
-1 0.235571 0.108187 0.656242
-1 0.191986 0.163724 0.644291
0 0.0551003 0.88206 0.0628395
0 0.32871 0.550909 0.120381
0 0.235085 0.495064 0.269851
1 0.581781 0.0553446 0.362874
0 0.251679 0.643965 0.104356
1 0.472368 0.123128 0.404504
0 0.0897244 0.898582 0.0116938
-1 0.0572533 0.125917 0.81683
0 0.212448 0.497221 0.29033
1 0.539915 0.246934 0.213151
1 0.520464 0.336238 0.143298
1 0.445724 0.269958 0.284318
0 0.0263336 0.649065 0.324601
0 0.406957 0.530226 0.0628162
1 0.610813 0.33823 0.0509564
0 0.088797 0.485512 0.425691
0 0.067106 0.555457 0.377437
0 0.0180286 0.921879 0.0600929
1 0.761742 0.20307 0.0351877
1 0.581254 0.187799 0.230948
0 0.220737 0.411719 0.367544
0 0.312156 0.681972 0.00587226
-1 0.339675 0.197257 0.463069
-1 0.291769 0.223694 0.484537
1 0.401762 0.399668 0.198571
0 0.127487 0.563525 0.308988
0 0.0218821 0.495078 0.48304
0 0.22797 0.726213 0.045817
0 0.00298899 0.947342 0.0496694
0 0.148306 0.843903 0.00779109
1 0.62734 0.357694 0.0149657
0 0.40975 0.558966 0.0312839
1 0.834794 0.0896142 0.0755922
1 0.401985 0.372695 0.22532
0 0.205624 0.450692 0.343684
0 0.0651727 0.871884 0.0629432
1 0.402514 0.323976 0.27351
0 0.250657 0.714725 0.0346184
0 0.123915 0.734418 0.141668
-1 0.122174 0.402156 0.47567
1 0.88153 0.0670781 0.0513916
1 0.846732 0.055681 0.0975869
1 0.597918 0.112734 0.289349
1 0.833401 0.0448873 0.121711
1 0.66261 0.0907712 0.246619
1 0.751213 0.069139 0.179648
1 0.544889 0.135787 0.319324
0 0.211074 0.534236 0.25469
-1 0.266434 0.0496103 0.683955
1 0.906554 0.0768294 0.0166169
1 0.442242 0.204603 0.353155
-1 0.156229 0.243584 0.600187
0 0.316326 0.581402 0.102272
0 0.100184 0.833441 0.0663751
0 0.144581 0.478227 0.377192
-1 0.133016 0.308208 0.558775
1 0.684963 0.189299 0.125738
-1 0.196743 0.165164 0.638092
-1 0.0532111 0.431761 0.515028
-1 0.318309 0.130076 0.551614
1 0.843904 0.0527613 0.103334
-1 0.178155 0.407468 0.414377
1 0.903956 0.0547399 0.0413043
-1 0.177285 0.19302 0.629695
0 0.142257 0.672965 0.184778
1 0.617873 0.0680491 0.314077
-1 0.231766 0.0787652 0.689468
0 0.1364 0.76067 0.10293
-1 0.371095 0.0327172 0.596188
0 0.283278 0.700376 0.0163457
-1 0.082958 0.172043 0.744999
1 0.449087 0.150603 0.40031
0 0.13041 0.726623 0.142967
1 0.562809 0.185838 0.251353
0 0.334167 0.586274 0.079559
-1 0.356851 0.243259 0.399889
0 0.1872 0.755935 0.056865
-1 0.292086 0.142402 0.565512
1 0.49147 0.320442 0.188088
-1 0.178018 0.377118 0.444865
0 0.146869 0.44673 0.406402
0 0.219836 0.697339 0.0828244
0 0.0376293 0.793739 0.168631
-1 0.0252044 0.396617 0.578178
-1 0.142439 0.162208 0.695353
0 0.340497 0.542237 0.117266
0 0.270347 0.557151 0.172502
-1 0.228093 0.137781 0.634126
1 0.643245 0.0919932 0.264761
1 0.784151 0.123158 0.0926906
1 0.411969 0.366409 0.221622
0 0.39519 0.476903 0.127907
-1 0.267594 0.321397 0.411008
0 0.0560432 0.525569 0.418388
0 0.0578313 0.479355 0.462814
-1 0.161004 0.24348 0.595516
1 0.877686 0.0357952 0.0865188
-1 0.215585 0.246025 0.53839
1 0.426935 0.313597 0.259468
0 0.303346 0.409294 0.28736
0 0.139974 0.509815 0.350211
-1 0.139755 0.167311 0.692934
0 0.142788 0.620129 0.237083
0 0.100367 0.773342 0.126291
0 0.0898827 0.733261 0.176857
0 0.0332464 0.891878 0.0748759
1 0.588847 0.11496 0.296193
-1 0.255911 0.298718 0.445371
-1 0.402769 0.0303579 0.566873
0 0.18249 0.679064 0.138446
-1 0.0449964 0.198206 0.756797
0 0.176673 0.544978 0.278349
0 0.0515603 0.815339 0.133101
-1 0.354797 0.242305 0.402898
-1 0.0632237 0.225589 0.711187
-1 0.352355 0.220109 0.427536
1 0.41158 0.20734 0.38108
-1 0.359505 0.166335 0.47416
0 0.0201044 0.974321 0.00557436
-1 0.46509 0.050519 0.484391
0 0.25962 0.500399 0.239981
1 0.474566 0.280663 0.244771
0 0.13788 0.810254 0.0518659
-1 0.20427 0.187344 0.608386
0 0.399128 0.539449 0.0614238
-1 0.153144 0.0638064 0.783049
0 0.00707318 0.963685 0.0292423
-1 0.0710446 0.133352 0.795604
0 0.166123 0.449032 0.384845
-1 0.150047 0.411937 0.438016
-1 0.193961 0.160985 0.645054
0 0.138762 0.685885 0.175353
-1 0.184149 0.143047 0.672804
0 0.0643582 0.913554 0.022088
0 0.212206 0.496332 0.291462
0 0.226367 0.769852 0.0037809
-1 0.0913331 0.272755 0.635912
0 0.196697 0.542084 0.261218
1 0.5479 0.210697 0.241404
1 0.448568 0.139833 0.411599
-1 0.303241 0.261941 0.434819
1 0.594437 0.186583 0.21898
1 0.597039 0.064627 0.338334
1 0.666012 0.184066 0.149922
1 0.662137 0.122194 0.215669
1 0.584334 0.205229 0.210437
1 0.496252 0.338919 0.164829
-1 0.0199607 0.282678 0.697361
-1 0.0149877 0.475242 0.50977
-1 0.0231926 0.254405 0.722403
1 0.359275 0.357061 0.283665
-1 0.0584228 0.0772589 0.864318
-1 0.0905234 0.153748 0.755728
-1 0.416325 0.094072 0.489603
0 0.0573766 0.895571 0.0470519
-1 0.249913 0.116922 0.633164
