labels 1 0 -1
-1 0.187284 0.267772 0.544944
0 0.275104 0.438067 0.286829
-1 0.256692 0.313211 0.430097
0 0.37394 0.502377 0.123683
1 0.516478 0.396704 0.0868182
1 0.514015 0.369716 0.11627
0 0.155741 0.505092 0.339167
0 0.38293 0.444022 0.173048
1 0.614187 0.248931 0.136882
1 0.490475 0.196312 0.313213
0 0.282297 0.619712 0.0979908
1 0.51081 0.220818 0.268372
-1 0.143707 0.30924 0.547053
1 0.411919 0.225133 0.362948
-1 0.364719 0.22889 0.406391
1 0.456522 0.189317 0.354161
-1 0.291891 0.212216 0.495893
1 0.419525 0.196256 0.384219
0 0.140185 0.449755 0.41006
1 0.642093 0.261756 0.0961507
0 0.157943 0.75702 0.0850365
0 0.215641 0.636636 0.147722
1 0.557877 0.104015 0.338108
1 0.48707 0.217946 0.294984
1 0.460195 0.212578 0.327227
-1 0.174015 0.104071 0.721914
-1 0.283069 0.319065 0.397866
-1 0.279402 0.193064 0.527534
-1 0.113746 0.398938 0.487317
-1 0.183327 0.118257 0.698417
0 0.211272 0.451251 0.337478
-1 0.25742 0.19891 0.543671
1 0.608227 0.105015 0.286758
-1 0.1796 0.173597 0.646802
-1 0.40083 0.157502 0.441668
-1 0.376654 0.139105 0.484241
1 0.403636 0.292468 0.303895
1 0.447396 0.205673 0.346931
1 0.594438 0.238217 0.167345
1 0.510957 0.260683 0.22836
-1 0.068016 0.393868 0.538116
1 0.556217 0.120496 0.323287
1 0.474069 0.325647 0.200284
1 0.398687 0.239153 0.36216
0 0.112571 0.75929 0.128139
1 0.706496 0.0849414 0.208563
0 0.109465 0.653332 0.237203
1 0.39058 0.341133 0.268287
1 0.578044 0.110825 0.31113
-1 0.0304707 0.296601 0.672928
1 0.561036 0.26289 0.176073
-1 0.190349 0.3594 0.450251
0 0.349176 0.373685 0.277139
0 0.225477 0.676457 0.0980662
0 0.247093 0.485254 0.267652
0 0.117809 0.68505 0.197141
0 0.181026 0.520844 0.29813
1 0.418057 0.201868 0.380075
-1 0.270823 0.207035 0.522142
-1 0.378344 0.154984 0.466672
1 0.464414 0.14958 0.386006
-1 0.305005 0.334105 0.36089
1 0.554088 0.140306 0.305606
0 0.242146 0.44619 0.311664
-1 0.36258 0.153784 0.483636
1 0.473034 0.226275 0.30069
1 0.588016 0.314655 0.0973291
1 0.585265 0.246417 0.168318
-1 0.271189 0.213787 0.515024
0 0.333403 0.348277 0.31832
1 0.663766 0.129019 0.207216
0 0.265816 0.517723 0.216461
-1 0.130345 0.159489 0.710166
0 0.193815 0.439175 0.36701
-1 0.0412875 0.412039 0.546674
0 0.340721 0.549624 0.109655
0 0.0640791 0.890247 0.0456742
1 0.495693 0.384341 0.119966
1 0.636636 0.185883 0.177481
1 0.496445 0.168595 0.33496
1 0.413397 0.361855 0.224748
1 0.458968 0.124935 0.416097
-1 0.118682 0.298907 0.582411
1 0.684434 0.0756016 0.239965
-1 0.139133 0.192089 0.668778
1 0.572793 0.0933344 0.333873
-1 0.380966 0.158076 0.460958
1 0.462166 0.0815183 0.456316
-1 0.152564 0.314673 0.532763
-1 0.195085 0.219784 0.585131
1 0.38515 0.309283 0.305567
-1 0.115962 0.0781331 0.805905
0 0.191753 0.786454 0.0217922
0 0.298481 0.390327 0.311192
-1 0.331331 0.238313 0.430357
1 0.482574 0.182431 0.334995
0 0.360918 0.427002 0.21208
-1 0.25499 0.138394 0.606615
1 0.457277 0.130611 0.412112
0 0.256887 0.448719 0.294394
-1 0.365856 0.204126 0.430018
1 0.433348 0.316318 0.250335
-1 0.3 0.301591 0.398409
1 0.433424 0.217456 0.34912
0 0.233189 0.606424 0.160387
1 0.463771 0.188633 0.347597
1 0.391328 0.281372 0.3273
1 0.350215 0.339399 0.310386
-1 0.354241 0.253261 0.392498
0 0.405166 0.445803 0.149031
-1 0.414214 0.0981868 0.487599
1 0.48394 0.164569 0.351491
-1 0.118569 0.418684 0.462747
0 0.43609 0.468664 0.095246
1 0.449122 0.231492 0.319385
1 0.476985 0.310101 0.212914
1 0.509941 0.329255 0.160804
-1 0.363721 0.271798 0.364481
0 0.20573 0.730083 0.0641866
1 0.528799 0.342445 0.128757
0 0.00454192 0.93139 0.0640684
0 0.157186 0.763779 0.0790354
0 0.363331 0.495306 0.141363
0 0.39869 0.415326 0.185984
0 0.382016 0.409307 0.208677
1 0.46373 0.273086 0.263184
1 0.540986 0.114513 0.3445
-1 0.194703 0.332373 0.472924
-1 0.224865 0.254943 0.520192
0 0.298294 0.593944 0.107763
1 0.460111 0.150865 0.389025
0 0.123738 0.551909 0.324354
1 0.746568 0.112538 0.140894
1 0.579043 0.130752 0.290206
1 0.622744 0.120665 0.256591
1 0.48745 0.148245 0.364305
1 0.457456 0.183937 0.358607
1 0.442474 0.199215 0.358311
-1 0.30256 0.236874 0.460566
0 0.378963 0.391215 0.229821
-1 0.313264 0.121839 0.564897
1 0.709719 0.14198 0.1483
-1 0.376277 0.230782 0.392942
-1 0.244622 0.314038 0.44134
1 0.467459 0.30376 0.228781
0 0.10825 0.643838 0.247912
1 0.382598 0.294618 0.322784
-1 0.231698 0.165746 0.602555
-1 0.39689 0.198675 0.404435
1 0.547445 0.0920796 0.360475
-1 0.374974 0.162495 0.46253
-1 0.130406 0.212364 0.65723
-1 0.321793 0.0844438 0.593763
-1 0.208156 0.245833 0.546011
1 0.830633 0.0634978 0.105869
-1 0.0515028 0.269257 0.679241
0 0.20502 0.571579 0.223401
-1 0.346644 0.113298 0.540059
-1 0.290191 0.14972 0.560089
0 0.172983 0.499475 0.327542
-1 0.271626 0.169711 0.558663
1 0.467103 0.208002 0.324894
-1 0.310367 0.256679 0.432953
-1 0.209211 0.289694 0.501095
1 0.504596 0.192501 0.302903
1 0.422617 0.371992 0.205391
0 0.283124 0.494216 0.222661
1 0.625807 0.121391 0.252802
1 0.6109 0.140832 0.248268
-1 0.203204 0.226596 0.570199
0 0.235065 0.630813 0.134122
-1 0.388881 0.162322 0.448797
0 0.179202 0.477419 0.343379
1 0.525227 0.331178 0.143596
0 0.298275 0.35824 0.343485
-1 0.150502 0.25473 0.594769
0 0.163842 0.503229 0.332928
0 0.217414 0.639438 0.143148
0 0.301859 0.493102 0.205038
-1 0.310261 0.143165 0.546574
1 0.538112 0.139151 0.322737
1 0.35806 0.354953 0.286987
0 0.278476 0.50384 0.217685
1 0.417612 0.208847 0.373541
1 0.73701 0.0936932 0.169297
1 0.546941 0.241642 0.211417
1 0.466243 0.230862 0.302895
-1 0.23133 0.263876 0.504794
1 0.590104 0.045862 0.364034
-1 0.322996 0.247436 0.429568
1 0.469588 0.302589 0.227823
1 0.429147 0.391859 0.178994
0 0.34549 0.380376 0.274133
1 0.692347 0.0965186 0.211135
-1 0.248911 0.144064 0.607025
1 0.469421 0.373702 0.156876
-1 0.212305 0.215598 0.572097
-1 0.0767807 0.447265 0.475954
-1 0.420984 0.0808398 0.498176
-1 0.347887 0.082932 0.569181
-1 0.348708 0.0762137 0.575078
0 0.270479 0.46032 0.269201
-1 0.0563291 0.256231 0.68744
-1 0.182687 0.336437 0.480876
0 0.0734921 0.596493 0.330015
-1 0.132131 0.257347 0.610522
0 0.270061 0.371404 0.358535
-1 0.37081 0.179223 0.449967
1 0.492428 0.122971 0.384601
1 0.555107 0.199323 0.24557
0 0.182016 0.608996 0.208988
-1 0.36171 0.156202 0.482087
1 0.492911 0.255015 0.252074
1 0.539993 0.237446 0.222561
1 0.561029 0.177184 0.261787
1 0.469442 0.188628 0.341931
1 0.490665 0.158546 0.350789
1 0.591578 0.144108 0.264314
0 0.284987 0.454046 0.260967
-1 0.0787419 0.232803 0.688455
-1 0.213414 0.371482 0.415103
-1 0.278521 0.259185 0.462294
-1 0.31569 0.153048 0.531262
-1 0.281799 0.343469 0.374732
-1 0.266019 0.132644 0.601336
1 0.414823 0.355659 0.229518
-1 0.218416 0.201804 0.57978
1 0.571237 0.386015 0.0427483
0 0.311848 0.409365 0.278788
-1 0.328178 0.297804 0.374017
1 0.447807 0.223945 0.328248
1 0.503111 0.0908766 0.406012
0 0.336242 0.346405 0.317353
1 0.558593 0.160757 0.28065
1 0.56388 0.124546 0.311575
1 0.703857 0.0897788 0.206364
1 0.628744 0.104185 0.267071
1 0.498 0.176517 0.325483
1 0.521838 0.308563 0.169599
-1 0.101605 0.446605 0.45179
-1 0.15856 0.398395 0.443046
-1 0.0872158 0.343647 0.569137
0 0.338402 0.482179 0.179419
-1 0.107076 0.182707 0.710217
1 0.371278 0.284678 0.344044
-1 0.251305 0.0963166 0.652379
0 0.243354 0.469558 0.287087
-1 0.152617 0.106519 0.740864
