labels 1 0 -1
0 0.204411 0.736683 0.0589061
1 0.501474 0.402633 0.0958935
1 0.466362 0.192404 0.341234
1 0.524292 0.244297 0.231411
1 0.576221 0.16766 0.256119
1 0.64509 0.139877 0.215033
0 0.212401 0.596003 0.191596
1 0.509031 0.142284 0.348685
1 0.522869 0.306013 0.171117
1 0.532405 0.175213 0.292383
0 0.144595 0.802502 0.0529029
0 0.284365 0.463744 0.251892
1 0.485026 0.26874 0.246234
1 0.407982 0.372727 0.219291
1 0.369647 0.367816 0.262537
0 0.302392 0.465327 0.232281
-1 0.414797 0.150362 0.43484
1 0.491259 0.215484 0.293257
-1 0.0660423 0.416735 0.517223
-1 0.0984021 0.215922 0.685676
1 0.549733 0.135599 0.314668
1 0.49142 0.106743 0.401837
1 0.484489 0.0874389 0.428072
1 0.514804 0.113839 0.371357
1 0.43092 0.255831 0.31325
-1 0.345324 0.109148 0.545528
0 0.448381 0.453448 0.0981706
0 0.224926 0.540542 0.234531
-1 0.180353 0.257815 0.561832
-1 0.0797492 0.341297 0.578954
1 0.472416 0.214439 0.313145
1 0.538472 0.297994 0.163534
-1 0.36593 0.12244 0.51163
-1 0.329782 0.179332 0.490886
1 0.424409 0.280128 0.295463
0 0.270601 0.440488 0.288911
-1 0.2574 0.310448 0.432152
-1 0.421939 0.0825928 0.495468
1 0.406187 0.274599 0.319214
0 0.398044 0.543234 0.058722
1 0.491166 0.350158 0.158676
-1 0.32317 0.17164 0.50519
-1 0.330131 0.324219 0.34565
-1 0.390652 0.164668 0.44468
1 0.653261 0.259593 0.0871454
-1 0.255851 0.170137 0.574013
-1 0.405358 0.167629 0.427013
1 0.481643 0.200445 0.317913
-1 0.255072 0.186756 0.558171
-1 0.0514006 0.23005 0.718549
-1 0.235683 0.155156 0.609161
1 0.435924 0.403895 0.160181
1 0.684919 0.165517 0.149564
0 0.174861 0.764281 0.0608575
0 0.36375 0.516196 0.120054
0 0.0841166 0.731581 0.184302
1 0.413289 0.314495 0.272216
1 0.524956 0.230952 0.244092
0 0.304094 0.502951 0.192955
0 0.172657 0.591314 0.236029
0 0.329024 0.377191 0.293786
0 0.347277 0.533336 0.119387
0 0.281639 0.369507 0.348854
0 0.332276 0.572563 0.0951609
1 0.388046 0.268675 0.343279
-1 0.361784 0.135633 0.502584
1 0.582383 0.172453 0.245164
0 0.105677 0.600761 0.293562
-1 0.356465 0.165713 0.477821
-1 0.348666 0.177754 0.47358
-1 0.213276 0.260198 0.526525
1 0.707008 0.160718 0.132275
0 0.0562786 0.593305 0.350416
1 0.383188 0.235642 0.38117
0 5.89388e-07 0.999354 0.00064527
1 0.434476 0.427265 0.138259
1 0.447763 0.12153 0.430707
1 0.392462 0.231611 0.375927
1 0.434137 0.150525 0.415338
-1 0.429191 0.0785992 0.49221
1 0.708409 0.130619 0.160972
-1 0.409571 0.117475 0.472954
1 0.501908 0.21962 0.278472
-1 0.298435 0.0997037 0.601861
-1 0.403848 0.0791667 0.516985
-1 0.406307 0.0845853 0.509108
1 0.500874 0.311665 0.187461
-1 0.227144 0.261527 0.511328
1 0.390855 0.266067 0.343078
-1 0.083098 0.396183 0.520719
0 0.208261 0.551291 0.240448
-1 0.0499201 0.405256 0.544824
0 0.00182251 0.997684 0.000493523
1 0.464058 0.298397 0.237545
-1 0.203626 0.380751 0.415623
0 0.248591 0.384014 0.367395
1 0.75416 0.156696 0.0891441
1 0.409615 0.394477 0.195908
-1 0.328921 0.291198 0.379881
1 0.517797 0.27556 0.206643
-1 0.315336 0.28361 0.401054
0 0.355106 0.384081 0.260812
0 0.346876 0.37573 0.277395
0 0.12333 0.668221 0.208449
0 0.205694 0.769894 0.0244123
0 0.082405 0.705452 0.212143
0 0.179123 0.688375 0.132501
0 0.437368 0.468228 0.0944042
0 0.398786 0.446017 0.155197
1 0.607244 0.306908 0.0858486
1 0.643802 0.173406 0.182792
-1 0.395196 0.16869 0.436115
-1 0.24181 0.226888 0.531302
1 0.344069 0.332581 0.323351
1 0.48592 0.162458 0.351622
1 0.478933 0.200064 0.321003
1 0.479329 0.342072 0.178599
1 0.463582 0.176475 0.359942
0 0.26505 0.713418 0.0215315
0 0.163338 0.826552 0.0101105
0 0.158182 0.832955 0.00886327
1 0.579821 0.328399 0.0917798
1 0.468192 0.382525 0.149283
0 0.392318 0.420923 0.186759
0 0.256686 0.624821 0.118493
0 0.304472 0.514051 0.181477
1 0.577705 0.252803 0.169492
0 0.30336 0.405487 0.291152
1 0.389067 0.292413 0.318521
1 0.507057 0.379167 0.113775
-1 0.228733 0.124552 0.646715
-1 0.227224 0.281599 0.491177
1 0.434132 0.145778 0.42009
-1 0.431445 0.0636075 0.504948
1 0.518166 0.140542 0.341293
-1 0.359654 0.238207 0.402139
1 0.431819 0.151022 0.417159
1 0.532114 0.164048 0.303838
1 0.473698 0.195776 0.330527
0 0.374715 0.470264 0.15502
-1 0.450798 0.094176 0.455026
1 0.519621 0.200773 0.279606
1 0.453364 0.0960383 0.450598
-1 0.130422 0.199438 0.67014
-1 0.233502 0.225493 0.541005
-1 0.301062 0.0567297 0.642209
1 0.404721 0.256696 0.338583
1 0.497234 0.148008 0.354759
1 0.579772 0.093014 0.327214
1 0.601968 0.175253 0.222779
1 0.370807 0.266342 0.362851
1 0.412308 0.191843 0.395849
1 0.498096 0.0507292 0.451175
1 0.534282 0.270598 0.19512
-1 0.194044 0.38705 0.418906
1 0.41702 0.172585 0.410395
0 0.195449 0.464459 0.340093
-1 0.301509 0.22305 0.475441
0 0.171518 0.423682 0.404799
0 0.283638 0.613248 0.103114
0 0.187592 0.494796 0.317612
0 0.319378 0.466395 0.214227
0 0.24985 0.539547 0.210604
-1 0.28897 0.249773 0.461257
1 0.563388 0.162813 0.2738
-1 0.423933 0.123616 0.452452
1 0.477486 0.13594 0.386575
1 0.506978 0.0550687 0.437953
1 0.431469 0.234311 0.334219
-1 0.102133 0.0903387 0.807528
0 0.174724 0.437336 0.38794
0 0.251899 0.501577 0.246524
-1 0.384061 0.113454 0.502485
-1 0.426779 0.0580463 0.515174
1 0.645646 0.143147 0.211207
1 0.75814 0.127184 0.114676
-1 0.197574 0.274848 0.527578
-1 0.435489 0.110679 0.453833
1 0.546499 0.209082 0.24442
0 0.290643 0.395763 0.313594
0 0.348111 0.419677 0.232212
1 0.538144 0.249499 0.212357
0 0.0915888 0.725605 0.182806
1 0.659243 0.0988457 0.241911
1 0.571705 0.126712 0.301582
1 0.548522 0.307264 0.144213
-1 0.362671 0.202104 0.435225
1 0.509185 0.100286 0.390529
1 0.578034 0.0637893 0.358176
1 0.599748 0.144588 0.255665
-1 0.172405 0.203986 0.623609
1 0.622994 0.10269 0.274316
-1 0.351474 0.0375912 0.610935
-1 0.252594 0.298485 0.448921
-1 0.238459 0.220267 0.541274
1 0.704973 0.0677151 0.227311
1 0.554965 0.0858013 0.359234
1 0.434366 0.220706 0.344928
-1 0.347291 0.211521 0.441188
1 0.573592 0.0606199 0.365788
1 0.585034 0.0422739 0.372692
0 0.106394 0.812791 0.0808153
0 0.272773 0.468838 0.258389
0 0.26006 0.373531 0.366409
0 0.227295 0.420289 0.352415
1 0.404395 0.33368 0.261925
0 0.420596 0.425539 0.153865
-1 0.372092 0.234566 0.393342
-1 0.405906 0.0739113 0.520183
1 0.489793 0.115026 0.395182
0 0.228557 0.63793 0.133513
-1 0.282094 0.273656 0.444251
-1 0.206338 0.298821 0.494841
1 0.565206 0.0921292 0.342664
1 0.499101 0.0927037 0.408196
1 0.451176 0.204285 0.344539
1 0.629957 0.0985988 0.271444
1 0.531084 0.0497011 0.419215
0 0.048282 0.922076 0.029642
0 0.110809 0.636987 0.252204
0 0.15472 0.53689 0.30839
1 0.409822 0.296596 0.293582
-1 0.268557 0.327181 0.404262
0 0.38812 0.473369 0.13851
-1 0.134502 0.401061 0.464437
1 0.500711 0.311097 0.188193
-1 0.216439 0.348662 0.434899
1 0.525004 0.397003 0.077993
1 0.45042 0.319378 0.230202
-1 0.27504 0.262869 0.462091
-1 0.351465 0.0858068 0.562728
-1 0.41538 0.0782269 0.506393
-1 0.147395 0.418602 0.434003
1 0.516411 0.0980391 0.385549
1 0.538307 0.082198 0.379495
1 0.456914 0.124654 0.418431
1 0.572237 0.0942571 0.333506
-1 0.303655 0.047187 0.649158
-1 0.409688 0.124968 0.465344
0 0.317833 0.658233 0.023934
0 0.207004 0.61724 0.175756
0 0.0869444 0.551859 0.361197
0 0.13235 0.60938 0.25827
-1 0.0835044 0.228588 0.687907
-1 0.327213 0.312647 0.36014
-1 0.0937622 0.281838 0.6244
0 0.225989 0.732026 0.0419851
0 0.296566 0.555637 0.147797
