labels 1 0 -1
-1 0.241727 0.257259 0.501014
0 0.343726 0.498098 0.158176
0 0.276384 0.430693 0.292923
0 0.460191 0.491666 0.0481431
1 0.598178 0.335238 0.0665842
1 0.517394 0.429374 0.0532321
-1 0.144094 0.365005 0.4909
0 0.263542 0.65556 0.0808977
1 0.688388 0.14274 0.168872
1 0.422986 0.221659 0.355355
0 0.0381874 0.924088 0.0377246
1 0.511905 0.127674 0.360421
-1 0.0908531 0.113905 0.795241
-1 0.37213 0.238509 0.389361
1 0.435592 0.157183 0.407225
-1 0.362431 0.21882 0.418748
-1 0.422657 0.128198 0.449145
1 0.381582 0.293489 0.324929
-1 0.0657118 0.336029 0.598259
1 0.599142 0.222875 0.177984
0 0.0522754 0.882908 0.0648168
0 0.36502 0.430477 0.204504
1 0.661253 0.0845878 0.254159
1 0.37525 0.27367 0.35108
1 0.479608 0.109663 0.410729
-1 0.142876 0.0648953 0.792229
-1 0.391404 0.196882 0.411714
-1 0.22192 0.277576 0.500504
-1 0.0514927 0.407426 0.541082
-1 0.122626 0.0742893 0.803085
0 0.181663 0.44427 0.374067
-1 0.220213 0.212146 0.567642
1 0.686014 0.0804944 0.233492
-1 0.19833 0.136055 0.665615
1 0.528175 0.165245 0.30658
1 0.506838 0.11146 0.381702
0 0.339395 0.39661 0.263995
1 0.547736 0.228874 0.223391
1 0.562793 0.301301 0.135907
1 0.629326 0.162888 0.207786
0 0.163349 0.458613 0.378038
1 0.610311 0.200194 0.189495
1 0.516088 0.387709 0.0962031
1 0.513827 0.159098 0.327075
0 0.050155 0.896035 0.0538103
1 0.49909 0.191096 0.309814
0 0.0646344 0.752178 0.183188
1 0.435191 0.327104 0.237706
1 0.612512 0.0922044 0.295284
0 0.00754944 0.537123 0.455328
1 0.556473 0.289973 0.153554
-1 0.11246 0.148372 0.739167
0 0.197067 0.650677 0.152256
0 0.119504 0.808367 0.0721283
0 0.163679 0.616454 0.219868
0 0.0620567 0.66581 0.272133
0 0.159525 0.559166 0.281309
1 0.390739 0.219518 0.389743
-1 0.269784 0.155114 0.575102
-1 0.332507 0.131118 0.536375
1 0.460121 0.151823 0.388056
1 0.366029 0.296863 0.337108
1 0.635707 0.11372 0.250572
0 0.349977 0.450485 0.199537
-1 0.2536 0.265051 0.481349
1 0.61588 0.290395 0.0937246
1 0.480524 0.427201 0.0922754
1 0.634581 0.202713 0.162707
-1 0.326119 0.228056 0.445825
0 0.215152 0.571054 0.213795
1 0.628812 0.171128 0.200059
0 0.264045 0.589487 0.146468
-1 0.0505956 0.32453 0.624874
0 0.0935964 0.582952 0.323452
-1 0.00915904 0.149268 0.841573
0 0.16938 0.745601 0.0850188
0 0.0257988 0.969752 0.00444925
1 0.719935 0.204521 0.0755442
1 0.746641 0.168664 0.0846942
1 0.765258 0.0871756 0.147566
0 0.404851 0.40961 0.185539
-1 0.405444 0.0655537 0.529003
-1 0.111245 0.157478 0.731277
1 0.559217 0.0573826 0.3834
-1 0.1499 0.16218 0.68792
1 0.690707 0.0556887 0.253605
-1 0.352409 0.203196 0.444395
-1 0.383229 0.0387478 0.578024
-1 0.115268 0.158768 0.725964
-1 0.101508 0.149926 0.748566
1 0.356682 0.351019 0.292299
-1 0.133591 0.199419 0.66699
0 7.83338e-06 0.998616 0.00137634
0 0.101498 0.830291 0.0682111
-1 0.31229 0.212406 0.475304
1 0.440723 0.183341 0.375936
1 0.442067 0.359234 0.198699
-1 0.251294 0.143525 0.605181
1 0.52597 0.135287 0.338744
0 0.180229 0.655592 0.164179
1 0.540874 0.163491 0.295635
1 0.615242 0.237759 0.147
1 0.436793 0.305125 0.258082
1 0.497076 0.247307 0.255618
0 0.42197 0.468486 0.109545
1 0.422849 0.336072 0.241079
1 0.380636 0.3222 0.297164
0 0.277692 0.398746 0.323563
-1 0.331418 0.3276 0.340981
1 0.544338 0.376234 0.0794282
-1 0.327718 0.248369 0.423914
1 0.500506 0.242345 0.257148
0 0.145618 0.516346 0.338036
1 0.455067 0.353591 0.191342
1 0.552657 0.190018 0.257325
1 0.531207 0.293453 0.17534
1 0.660044 0.208885 0.131072
1 0.368519 0.264253 0.367228
0 0.0577079 0.919256 0.023036
1 0.571919 0.34758 0.0805016
0 0.00870858 0.91415 0.0771411
0 0.0126743 0.979781 0.00754424
0 0.385464 0.591674 0.022862
0 0.424426 0.460909 0.114666
1 0.468244 0.409258 0.122498
1 0.522396 0.261183 0.21642
-1 0.37968 0.203033 0.417288
0 0.057858 0.835281 0.106861
-1 0.187201 0.218651 0.594148
0 0.356625 0.588325 0.0550497
-1 0.33933 0.29505 0.36562
0 0.029546 0.788474 0.18198
1 0.638911 0.10941 0.251678
1 0.658162 0.0781431 0.263694
1 0.551403 0.107752 0.340845
1 0.509429 0.212039 0.278531
1 0.548891 0.110088 0.34102
1 0.486186 0.117966 0.395848
1 0.472372 0.154643 0.372985
0 0.207611 0.658868 0.133521
1 0.517131 0.0805997 0.402269
1 0.724012 0.162718 0.11327
1 0.563851 0.191062 0.245088
1 0.422178 0.229544 0.348278
1 0.635759 0.242552 0.121689
0 0.241902 0.675309 0.0827888
-1 0.343931 0.220555 0.435514
-1 0.122897 0.095977 0.781126
-1 0.33443 0.19565 0.46992
1 0.45246 0.0967678 0.450772
-1 0.250161 0.0926139 0.657226
-1 0.0801477 0.101644 0.818208
1 0.487855 0.0277458 0.484399
-1 0.123099 0.241108 0.635794
1 0.708528 0.116612 0.17486
-1 0.0477842 0.184387 0.767829
0 0.0410066 0.82087 0.138124
1 0.545431 0.133066 0.321503
-1 0.194134 0.144303 0.661563
0 0.21039 0.450177 0.339433
-1 0.335872 0.166678 0.49745
1 0.50851 0.22557 0.26592
-1 0.348657 0.248401 0.402943
0 0.126457 0.595411 0.278132
0 0.395706 0.405515 0.198779
1 0.586732 0.277935 0.135333
1 0.451623 0.420225 0.128152
1 0.718561 0.175412 0.106027
1 0.643028 0.156499 0.200474
0 0.192827 0.408627 0.398546
0 0.419682 0.475644 0.104674
-1 0.183691 0.112399 0.70391
0 0.190376 0.649147 0.160478
1 0.498069 0.444066 0.0578647
0 0.271628 0.403866 0.324505
-1 0.10224 0.152697 0.745063
0 0.266245 0.409416 0.324339
1 0.513578 0.390703 0.0957194
0 0.150323 0.600702 0.248976
-1 0.288495 0.0869705 0.624534
1 0.461513 0.244823 0.293663
1 0.447298 0.398065 0.154637
0 0.222694 0.574078 0.203228
0 0.21145 0.476683 0.311867
1 0.631453 0.222152 0.146395
0 0.316551 0.509395 0.174055
-1 0.267559 0.244465 0.487975
-1 0.234761 0.101093 0.664146
1 0.794943 0.0219984 0.183059
1 0.366628 0.26987 0.363501
0 0.245916 0.429238 0.324845
1 0.639333 0.24431 0.116357
0 0.375667 0.399194 0.225139
1 0.706417 0.113506 0.180077
1 0.412206 0.241447 0.346347
0 0.222124 0.718767 0.0591087
-1 0.0513912 0.180505 0.768104
0 0.0936947 0.479779 0.426526
-1 0.271271 0.0810856 0.647644
1 0.506217 0.0270055 0.466778
-1 0.417657 0.0406891 0.541654
0 0.113629 0.716882 0.169489
-1 0.0761925 0.297987 0.62582
-1 0.142983 0.236239 0.620778
0 0.069496 0.530811 0.399693
-1 0.320928 0.179898 0.499174
-1 0.303956 0.226011 0.470033
1 0.64891 0.110516 0.240574
1 0.615934 0.12434 0.259726
1 0.643313 0.209482 0.147205
0 0.270089 0.642092 0.0878194
1 0.572922 0.132058 0.29502
0 0.312502 0.610078 0.0774199
1 0.517425 0.346433 0.136143
1 0.610156 0.154208 0.235636
1 0.453694 0.202791 0.343515
1 0.487175 0.212242 0.300583
0 0.405821 0.457652 0.136527
1 0.392027 0.339179 0.268794
-1 0.0616023 0.466486 0.471912
-1 0.209724 0.232309 0.557967
-1 0.253168 0.192173 0.554659
-1 0.307473 0.108405 0.584122
1 0.3705 0.282517 0.346983
-1 0.300216 0.125448 0.574336
0 0.150441 0.647723 0.201836
-1 0.191529 0.126031 0.68244
0 0.127656 0.864643 0.00770076
0 0.377057 0.532069 0.0908734
1 0.355941 0.317017 0.327041
1 0.661002 0.153565 0.185433
1 0.525818 0.169308 0.304874
0 0.22011 0.393957 0.385933
-1 0.359912 0.152989 0.487099
1 0.471728 0.130139 0.398133
1 0.613141 0.142708 0.24415
1 0.57993 0.101634 0.318436
1 0.532658 0.290496 0.176846
1 0.780004 0.145838 0.0741573
0 0.112274 0.63093 0.256796
0 0.0543805 0.754479 0.19114
-1 0.0646283 0.269876 0.665495
0 0.16105 0.509209 0.329741
-1 0.0243966 0.179191 0.796412
-1 0.206817 0.394377 0.398807
-1 0.0721245 0.105861 0.822014
0 0.134618 0.642055 0.223327
-1 0.104117 0.154311 0.741572
