labels -1 0 1
0 0.278151 0.552234 0.169616
0 0.278438 0.560314 0.161247
0 0.280084 0.546235 0.173681
0 0.301916 0.519015 0.179069
0 0.312625 0.511417 0.175958
0 0.315899 0.498718 0.185383
0 0.320973 0.519946 0.159081
0 0.316905 0.454106 0.228989
0 0.331767 0.445768 0.222464
0 0.344501 0.474098 0.181401
0 0.3217 0.455361 0.222939
0 0.33294 0.480638 0.186422
0 0.334612 0.442004 0.223383
0 0.371394 0.381546 0.24706
-1 0.386141 0.372817 0.241041
-1 0.365848 0.31721 0.316942
-1 0.364621 0.349409 0.285969
-1 0.376579 0.314947 0.308474
-1 0.377794 0.31652 0.305686
0 0.347985 0.376411 0.275604
0 0.329257 0.440102 0.230641
0 0.329596 0.484265 0.186139
0 0.337849 0.469434 0.192717
0 0.335091 0.42478 0.24013
0 0.334216 0.433428 0.232355
0 0.326065 0.461157 0.212778
0 0.301855 0.470413 0.227732
0 0.300459 0.516562 0.182979
0 0.291092 0.520962 0.187946
0 0.295158 0.512658 0.192184
0 0.287157 0.547758 0.165084
0 0.27091 0.562366 0.166724
0 0.271736 0.560596 0.167669
0 0.265391 0.566647 0.167962
0 0.269849 0.55786 0.172291
0 0.271571 0.558774 0.169654
0 0.269391 0.567467 0.163142
0 0.260631 0.58728 0.152089
0 0.246381 0.599061 0.154558
0 0.249404 0.598775 0.151821
0 0.257138 0.587081 0.15578
0 0.262494 0.570684 0.166823
0 0.262566 0.574745 0.162689
0 0.2552 0.591246 0.153554
0 0.254106 0.590441 0.155454
0 0.247102 0.596298 0.1566
0 0.246334 0.598149 0.155516
0 0.255175 0.584148 0.160677
0 0.255008 0.586019 0.158973
0 0.248456 0.591247 0.160298
0 0.248955 0.588246 0.162798
0 0.244462 0.59396 0.161578
0 0.249906 0.587151 0.162943
0 0.254934 0.579682 0.165384
0 0.249203 0.584281 0.166516
0 0.253109 0.591037 0.155854
0 0.254536 0.591051 0.154413
0 0.246396 0.597809 0.155795
0 0.247069 0.598371 0.15456
0 0.267237 0.567328 0.165436
0 0.278806 0.552757 0.168437
0 0.280407 0.556123 0.16347
0 0.266217 0.572711 0.161073
0 0.260679 0.599323 0.139998
0 0.263968 0.589 0.147032
0 0.262737 0.574295 0.162968
0 0.279334 0.567599 0.153067
0 0.274071 0.564814 0.161114
0 0.294527 0.51617 0.189303
0 0.302971 0.528586 0.168443
0 0.30485 0.512012 0.183138
0 0.31797 0.508879 0.173151
0 0.32019 0.481486 0.198324
0 0.32608 0.486148 0.187772
0 0.312471 0.504424 0.183105
0 0.303069 0.475898 0.221033
0 0.315299 0.525805 0.158896
0 0.320557 0.526456 0.152987
0 0.321078 0.502418 0.176504
0 0.316795 0.494323 0.188883
0 0.325076 0.476351 0.198573
0 0.346501 0.455807 0.197692
0 0.348061 0.372087 0.279852
0 0.340541 0.424271 0.235188
0 0.330254 0.455916 0.213829
0 0.326552 0.369379 0.304069
0 0.318668 0.440166 0.241165
0 0.316344 0.483397 0.200259
0 0.311988 0.41806 0.269951
0 0.310173 0.497338 0.192489
0 0.306187 0.501332 0.192481
0 0.327463 0.422316 0.250221
0 0.329327 0.457321 0.213352
0 0.310067 0.476424 0.213509
0 0.319267 0.447103 0.23363
0 0.314621 0.487226 0.198152
0 0.313651 0.429604 0.256745
0 0.311239 0.461635 0.227126
0 0.293174 0.513526 0.1933
0 0.276643 0.549778 0.173579
0 0.278051 0.56619 0.15576
0 0.269021 0.574701 0.156279
0 0.274772 0.562395 0.162833
0 0.27567 0.571517 0.152813
0 0.271122 0.57668 0.152198
0 0.274047 0.573066 0.152887
0 0.266518 0.574166 0.159316
0 0.270933 0.562199 0.166867
0 0.270732 0.56981 0.159458
0 0.269975 0.555065 0.17496
0 0.275091 0.56062 0.164289
0 0.277736 0.553084 0.169181
0 0.269394 0.56961 0.160996
0 0.261167 0.588613 0.150219
0 0.255379 0.595184 0.149437
0 0.256701 0.591772 0.151527
0 0.267466 0.578598 0.153936
0 0.267142 0.586496 0.146362
0 0.265868 0.573631 0.160501
0 0.25986 0.573807 0.166332
0 0.256597 0.582907 0.160495
0 0.253985 0.589316 0.156698
0 0.248383 0.598823 0.152794
0 0.257277 0.594238 0.148485
0 0.252039 0.589354 0.158607
0 0.247872 0.591875 0.160254
0 0.253651 0.591894 0.154455
0 0.248598 0.598412 0.15299
0 0.242358 0.604594 0.153048
0 0.240305 0.601194 0.158501
0 0.244607 0.596756 0.158637
0 0.24046 0.601388 0.158151
0 0.240588 0.602411 0.157001
0 0.239874 0.604609 0.155516
0 0.231215 0.612416 0.156369
0 0.237141 0.607418 0.155441
0 0.241129 0.597631 0.16124
0 0.244931 0.594565 0.160503
0 0.245351 0.599999 0.15465
0 0.239789 0.597675 0.162536
0 0.255266 0.588066 0.156668
0 0.269395 0.570753 0.159852
0 0.265697 0.571187 0.163116
0 0.256992 0.588795 0.154213
0 0.255627 0.585151 0.159222
0 0.263974 0.580579 0.155446
0 0.265295 0.577059 0.157645
0 0.265084 0.571042 0.163874
0 0.255797 0.58543 0.158773
0 0.253926 0.582945 0.163129
0 0.27934 0.539856 0.180804
0 0.301386 0.52013 0.178484
0 0.30538 0.517227 0.177393
0 0.288679 0.539586 0.171735
0 0.285785 0.55613 0.158085
0 0.288304 0.565259 0.146437
0 0.292277 0.54781 0.159913
0 0.287284 0.565818 0.146898
0 0.275127 0.593354 0.131519
0 0.284198 0.559589 0.156213
0 0.295581 0.549147 0.155271
0 0.292045 0.532792 0.175164
0 0.287247 0.549963 0.16279
0 0.276014 0.571765 0.152221
0 0.257609 0.583609 0.158783
0 0.262495 0.587762 0.149743
0 0.266778 0.573762 0.15946
0 0.272774 0.55661 0.170616
0 0.266121 0.577236 0.156643
0 0.257625 0.574643 0.167732
0 0.26101 0.574806 0.164184
0 0.261571 0.575246 0.163182
0 0.259051 0.580142 0.160806
0 0.256439 0.583893 0.159669
0 0.251162 0.591311 0.157527
0 0.250403 0.594661 0.154936
0 0.251787 0.58768 0.160533
0 0.253758 0.582076 0.164166
0 0.259507 0.577112 0.16338
0 0.254569 0.582303 0.163128
0 0.249955 0.58101 0.169036
0 0.253579 0.58642 0.160001
0 0.267699 0.576216 0.156084
0 0.282633 0.545878 0.17149
0 0.289967 0.543967 0.166066
0 0.274037 0.572888 0.153075
0 0.260946 0.599425 0.139629
0 0.28239 0.564259 0.153351
0 0.307363 0.538099 0.154537
0 0.317743 0.526889 0.155368
0 0.300996 0.532463 0.166541
0 0.295045 0.560397 0.144558
0 0.287524 0.579059 0.133417
0 0.287461 0.548692 0.163848
0 0.290108 0.553773 0.156119
0 0.284455 0.564357 0.151188
0 0.293275 0.535965 0.170761
0 0.286931 0.557903 0.155166
0 0.274839 0.57135 0.153812
0 0.278671 0.558008 0.163322
0 0.283542 0.568458 0.148
0 0.268324 0.572294 0.159383
0 0.259525 0.599212 0.141262
0 0.26305 0.590913 0.146037
0 0.258525 0.587853 0.153622
0 0.261609 0.585869 0.152522
0 0.271129 0.570495 0.158377
0 0.288995 0.550542 0.160462
0 0.296251 0.551837 0.151912
0 0.284489 0.556785 0.158726
0 0.283171 0.571151 0.145678
0 0.28231 0.577819 0.139871
0 0.283141 0.565384 0.151475
0 0.287937 0.562928 0.149135
0 0.295526 0.55867 0.145804
0 0.297765 0.556887 0.145348
0 0.299908 0.53945 0.160642
0 0.293214 0.558337 0.148449
0 0.29431 0.561603 0.144087
0 0.28754 0.573386 0.139073
0 0.274153 0.586612 0.139236
0 0.271512 0.586933 0.141554
0 0.275663 0.584612 0.139724
0 0.275813 0.562168 0.162019
0 0.273013 0.566857 0.160131
0 0.274584 0.553446 0.171971
0 0.272229 0.561998 0.165772
0 0.273689 0.561445 0.164866
0 0.267616 0.56488 0.167503
0 0.26665 0.57139 0.16196
0 0.265503 0.577416 0.157081
0 0.259629 0.583469 0.156903
0 0.266311 0.578962 0.154727
0 0.272214 0.559351 0.168436
0 0.265934 0.565429 0.168637
0 0.255973 0.59151 0.152517
0 0.258122 0.589468 0.15241
0 0.262809 0.570679 0.166512
0 0.263703 0.572583 0.163714
0 0.265533 0.57254 0.161927
0 0.261772 0.589002 0.149225
0 0.256515 0.595532 0.147953
0 0.250175 0.601617 0.148208
0 0.258044 0.582567 0.159389
0 0.287392 0.545996 0.166611
0 0.308496 0.522735 0.168769
0 0.318798 0.503744 0.177458
0 0.318219 0.52539 0.156391
0 0.315678 0.539096 0.145226
0 0.293155 0.55003 0.156815
0 0.3081 0.534421 0.157479
0 0.311213 0.523148 0.165639
0 0.329967 0.493882 0.176151
0 0.338585 0.50144 0.159976
0 0.308384 0.525273 0.166343
0 0.315801 0.523589 0.16061
0 0.331442 0.521804 0.146754
0 0.33747 0.499068 0.163462
0 0.338303 0.508878 0.152819
0 0.317172 0.541785 0.141043
0 0.297818 0.560095 0.142087
0 0.296593 0.564636 0.138771
0 0.29698 0.535731 0.167289
0 0.321567 0.504515 0.173918
0 0.35101 0.475442 0.173549
0 0.366364 0.424766 0.20887
0 0.381162 0.437496 0.181342
0 0.370402 0.447012 0.182585
0 0.358313 0.470395 0.171293
0 0.376261 0.466403 0.157335
0 0.37459 0.458383 0.167027
0 0.390602 0.440064 0.169335
0 0.406551 0.410854 0.182596
-1 0.438329 0.365179 0.196493
-1 0.455811 0.326313 0.217876
-1 0.432924 0.3329 0.234175
-1 0.41081 0.401665 0.187525
-1 0.406671 0.39924 0.194089
-1 0.420184 0.408344 0.171472
0 0.408016 0.426402 0.165582
0 0.401814 0.411748 0.186438
0 0.415567 0.424514 0.159919
0 0.392028 0.420265 0.187707
0 0.395631 0.402105 0.202263
0 0.409809 0.417697 0.172494
-1 0.393196 0.391349 0.215455
-1 0.397994 0.340406 0.2616
-1 0.410617 0.364492 0.224891
-1 0.408311 0.377016 0.214673
0 0.377717 0.426133 0.19615
0 0.369283 0.459995 0.170722
0 0.369575 0.439367 0.191057
0 0.399938 0.406606 0.193456
0 0.394507 0.423796 0.181698
0 0.380527 0.427054 0.192419
0 0.381536 0.426481 0.191983
0 0.359478 0.464729 0.175793
0 0.342167 0.480809 0.177024
0 0.323693 0.506037 0.17027
0 0.316651 0.527591 0.155758
0 0.309056 0.537328 0.153616
0 0.290464 0.55377 0.155766
0 0.28918 0.552461 0.158359
0 0.286859 0.547672 0.165469
0 0.302503 0.524874 0.172623
0 0.311656 0.527176 0.161168
0 0.298577 0.538279 0.163144
0 0.29687 0.543969 0.159161
0 0.307608 0.542492 0.1499
0 0.318607 0.516043 0.165351
0 0.309227 0.542465 0.148308
0 0.290592 0.560529 0.148879
0 0.28428 0.568573 0.147147
0 0.302146 0.551525 0.146329
0 0.307947 0.532619 0.159434
0 0.303459 0.541466 0.155076
0 0.295256 0.547769 0.156975
0 0.297015 0.5509 0.152085
0 0.315238 0.523082 0.16168
0 0.322312 0.520489 0.157199
0 0.313135 0.540382 0.146483
0 0.301261 0.554011 0.144728
0 0.305507 0.558428 0.136065
0 0.303022 0.543534 0.153444
0 0.308695 0.531952 0.159353
0 0.310174 0.541975 0.147851
0 0.305119 0.530768 0.164113
0 0.326405 0.518441 0.155155
0 0.33975 0.503764 0.156486
0 0.335709 0.510828 0.153463
0 0.335429 0.520218 0.144353
0 0.338442 0.511224 0.150334
0 0.364941 0.490891 0.144168
0 0.375223 0.473914 0.150863
0 0.372652 0.469637 0.157711
0 0.361802 0.496786 0.141412
0 0.363853 0.501917 0.13423
0 0.376731 0.485678 0.137591
0 0.363576 0.510529 0.125895
0 0.360894 0.504691 0.134415
0 0.373555 0.489043 0.137402
0 0.371819 0.483997 0.144184
0 0.359551 0.489093 0.151356
0 0.355359 0.479285 0.165357
0 0.343566 0.502481 0.153953
0 0.348354 0.482744 0.168902
0 0.36974 0.456943 0.173317
0 0.36564 0.475123 0.159237
0 0.333492 0.511817 0.154691
0 0.347898 0.503193 0.148909
0 0.361891 0.488303 0.149806
0 0.372372 0.439943 0.187685
0 0.389075 0.438907 0.172018
0 0.374256 0.451324 0.17442
0 0.387089 0.437923 0.174988
0 0.406415 0.434718 0.158866
-1 0.410175 0.409774 0.180051
-1 0.423897 0.385026 0.191076
-1 0.420147 0.40231 0.177543
0 0.408165 0.43659 0.155245
0 0.395936 0.45215 0.151913
0 0.382498 0.474847 0.142655
0 0.381364 0.484111 0.134526
0 0.374059 0.479915 0.146025
0 0.366571 0.47904 0.15439
0 0.36301 0.48119 0.1558
0 0.36438 0.461641 0.17398
0 0.378291 0.439771 0.181938
0 0.382596 0.4435 0.173904
0 0.364168 0.449384 0.186448
0 0.350586 0.489325 0.160089
0 0.340067 0.49609 0.163843
0 0.353369 0.483392 0.163239
0 0.356988 0.501727 0.141285
0 0.340691 0.494116 0.165193
0 0.345538 0.496505 0.157957
0 0.352041 0.479838 0.168121
0 0.359871 0.463346 0.176783
0 0.350372 0.484556 0.165072
0 0.333563 0.499553 0.166884
0 0.349056 0.489489 0.161455
0 0.361136 0.472358 0.166506
0 0.364141 0.45919 0.176669
0 0.365525 0.454835 0.17964
0 0.372861 0.436764 0.190375
0 0.384616 0.392011 0.223373
-1 0.38131 0.324803 0.293887
-1 0.387272 0.325823 0.286905
-1 0.374786 0.283913 0.341301
-1 0.384682 0.30374 0.311578
-1 0.375767 0.31391 0.310323
-1 0.404165 0.287085 0.30875
-1 0.427323 0.252954 0.319722
-1 0.424347 0.206985 0.368668
-1 0.424498 0.199036 0.376465
-1 0.429997 0.190481 0.379522
-1 0.448038 0.131666 0.420295
-1 0.417453 0.220766 0.361782
1 0.398115 0.18811 0.413775
-1 0.39058 0.238879 0.370541
-1 0.394875 0.298223 0.306902
-1 0.395215 0.293814 0.31097
-1 0.372701 0.296822 0.330477
0 0.351979 0.381979 0.266042
0 0.354571 0.382586 0.262843
-1 0.367314 0.365167 0.267518
0 0.372299 0.380143 0.247557
-1 0.37608 0.343846 0.280074
-1 0.373127 0.361185 0.265688
0 0.355526 0.379853 0.264621
0 0.330603 0.426182 0.243215
0 0.330027 0.437396 0.232577
0 0.337045 0.379544 0.283411
0 0.352268 0.415511 0.232222
0 0.334136 0.463629 0.202234
0 0.309117 0.453268 0.237615
0 0.315768 0.496829 0.187402
0 0.318001 0.496168 0.185831
0 0.34263 0.419059 0.238311
0 0.348926 0.426476 0.224598
0 0.350169 0.379643 0.270188
0 0.348881 0.378878 0.27224
0 0.323732 0.420895 0.255373
0 0.302463 0.467577 0.22996
0 0.301516 0.501896 0.196588
0 0.315185 0.449784 0.235031
0 0.3326 0.455848 0.211553
0 0.329853 0.422295 0.247852
0 0.322768 0.416526 0.260705
0 0.305977 0.48851 0.205513
0 0.288109 0.510816 0.201075
0 0.290016 0.539263 0.170721
0 0.286897 0.547913 0.16519
0 0.288966 0.540636 0.170398
0 0.287174 0.556535 0.156291
0 0.28015 0.557372 0.162477
0 0.276046 0.549309 0.174645
0 0.281796 0.530915 0.187289
0 0.284623 0.530555 0.184822
0 0.272128 0.565726 0.162146
0 0.253359 0.582262 0.164379
0 0.256451 0.594776 0.148773
0 0.257246 0.587324 0.155429
0 0.255634 0.577203 0.167162
0 0.260996 0.575987 0.163017
0 0.261745 0.581648 0.156606
0 0.262799 0.580457 0.156744
0 0.26719 0.553022 0.179788
0 0.275296 0.554915 0.169789
0 0.26617 0.573387 0.160443
0 0.257578 0.584259 0.158163
0 0.259966 0.577053 0.162981
0 0.271511 0.547501 0.180987
0 0.278897 0.546652 0.174451
0 0.265358 0.569734 0.164907
0 0.249013 0.591494 0.159493
0 0.254966 0.588235 0.156799
0 0.266007 0.581874 0.152119
0 0.285044 0.547916 0.16704
0 0.292486 0.509852 0.197662
0 0.289385 0.531634 0.178982
0 0.295603 0.468433 0.235964
0 0.299813 0.479774 0.220413
0 0.290874 0.456163 0.252962
0 0.284544 0.490995 0.224461
0 0.293243 0.54427 0.162487
0 0.28792 0.472457 0.239623
0 0.298895 0.524458 0.176647
0 0.296032 0.519019 0.184949
0 0.297606 0.455031 0.247363
0 0.300578 0.489795 0.209626
0 0.292983 0.50409 0.202927
0 0.301161 0.466205 0.232634
0 0.290859 0.484394 0.224747
0 0.284743 0.511665 0.203592
0 0.287564 0.512941 0.199495
0 0.282251 0.52562 0.192129
0 0.276897 0.524724 0.198379
0 0.281712 0.535752 0.182535
0 0.282654 0.495108 0.222238
0 0.280327 0.502876 0.216797
0 0.26874 0.566493 0.164767
0 0.253794 0.564226 0.18198
0 0.262281 0.597903 0.139816
0 0.260023 0.60697 0.133007
0 0.273121 0.579801 0.147078
0 0.276113 0.580083 0.143804
0 0.265546 0.588735 0.145719
0 0.264786 0.572755 0.162459
0 0.264133 0.553226 0.18264
0 0.266543 0.569306 0.164151
0 0.257656 0.580428 0.161916
0 0.248617 0.592663 0.15872
0 0.250399 0.594718 0.154883
0 0.25038 0.593628 0.155992
0 0.25093 0.595936 0.153134
0 0.241789 0.604231 0.15398
0 0.238249 0.613694 0.148057
0 0.241447 0.602699 0.155855
0 0.243451 0.589449 0.1671
0 0.249517 0.590597 0.159885
0 0.24365 0.598011 0.158339
0 0.238177 0.609006 0.152817
0 0.241701 0.603903 0.154396
0 0.241911 0.596649 0.16144
0 0.248206 0.586329 0.165465
0 0.247191 0.58069 0.172119
0 0.246866 0.592556 0.160578
0 0.247104 0.588494 0.164402
0 0.248035 0.591807 0.160158
0 0.249657 0.58515 0.165193
0 0.242989 0.598604 0.158407
0 0.249283 0.588581 0.162136
0 0.254648 0.572748 0.172604
0 0.250086 0.5834 0.166514
0 0.246788 0.59169 0.161522
0 0.250621 0.580288 0.169091
0 0.254785 0.583128 0.162087
0 0.256386 0.578052 0.165562
0 0.251193 0.58903 0.159778
0 0.250539 0.604066 0.145395
0 0.251564 0.585314 0.163122
0 0.254537 0.586508 0.158955
0 0.251927 0.580714 0.167359
0 0.241118 0.590698 0.168184
0 0.240534 0.607643 0.151823
0 0.242277 0.590169 0.167554
0 0.245827 0.589732 0.164441
0 0.255924 0.584339 0.159738
0 0.265483 0.569012 0.165504
0 0.260393 0.58074 0.158867
0 0.249004 0.608398 0.142598
0 0.254796 0.592412 0.152792
0 0.260403 0.585724 0.153872
0 0.256113 0.588541 0.155346
0 0.245427 0.592418 0.162155
0 0.25259 0.588835 0.158575
0 0.258142 0.572703 0.169155
0 0.269509 0.559874 0.170617
0 0.27281 0.564986 0.162205
0 0.260402 0.59705 0.142549
0 0.255447 0.601093 0.14346
0 0.263736 0.586423 0.149841
0 0.27415 0.574469 0.151382
0 0.274922 0.572694 0.152385
0 0.279953 0.545389 0.174659
0 0.282155 0.561373 0.156472
0 0.287608 0.544626 0.167767
0 0.291864 0.51238 0.195756
0 0.302733 0.53768 0.159588
0 0.304748 0.524563 0.170689
0 0.316199 0.493322 0.19048
0 0.30685 0.521998 0.171152
0 0.307568 0.538799 0.153633
0 0.321035 0.505159 0.173806
0 0.310026 0.52988 0.160095
0 0.308107 0.540148 0.151744
0 0.316281 0.492682 0.191037
0 0.324845 0.482756 0.192399
0 0.324784 0.487917 0.187299
0 0.324957 0.444522 0.230521
0 0.320324 0.488659 0.191017
0 0.315655 0.507708 0.176636
0 0.311888 0.492023 0.196089
0 0.30579 0.515744 0.178466
0 0.310343 0.523243 0.166414
0 0.330208 0.505495 0.164297
0 0.318639 0.521351 0.16001
0 0.292115 0.537085 0.1708
0 0.300061 0.559764 0.140174
0 0.306659 0.541855 0.151486
0 0.323482 0.491775 0.184743
0 0.325686 0.511179 0.163135
0 0.312026 0.504209 0.183765
0 0.308093 0.498996 0.192911
0 0.302362 0.520609 0.177029
0 0.299307 0.522539 0.178154
0 0.296117 0.505181 0.198701
0 0.292661 0.539947 0.167392
0 0.29757 0.524701 0.177728
0 0.303211 0.508647 0.188142
0 0.302059 0.538846 0.159094
0 0.298266 0.50017 0.201564
0 0.313642 0.494968 0.19139
0 0.319392 0.490326 0.190282
0 0.319384 0.476792 0.203825
0 0.309371 0.52081 0.169819
0 0.28605 0.523853 0.190097
0 0.307133 0.534495 0.158372
0 0.31566 0.507949 0.176391
0 0.330278 0.453423 0.216299
0 0.328118 0.479073 0.192809
0 0.301425 0.472592 0.225982
0 0.29422 0.471989 0.233791
0 0.289432 0.52257 0.187999
0 0.287281 0.532673 0.180045
0 0.287381 0.552077 0.160542
0 0.276164 0.554062 0.169774
0 0.275192 0.569931 0.154878
0 0.277746 0.562251 0.160003
0 0.268561 0.575602 0.155837
0 0.26162 0.586782 0.151599
0 0.256558 0.606766 0.136676
0 0.260656 0.591513 0.147831
0 0.263604 0.587726 0.14867
0 0.265614 0.574358 0.160028
0 0.26536 0.570175 0.164464
0 0.264441 0.577345 0.158215
0 0.255719 0.575656 0.168625
0 0.253648 0.594627 0.151725
0 0.247061 0.604125 0.148814
0 0.249378 0.603018 0.147604
0 0.249689 0.605595 0.144717
0 0.25008 0.595883 0.154037
0 0.254316 0.588084 0.157599
0 0.256592 0.588695 0.154713
0 0.258767 0.58159 0.159643
0 0.259617 0.589111 0.151272
0 0.260794 0.568219 0.170987
0 0.262228 0.581269 0.156503
0 0.265263 0.576167 0.158571
0 0.256182 0.59023 0.153588
0 0.257788 0.58392 0.158292
0 0.254203 0.598729 0.147068
0 0.259134 0.607613 0.133253
0 0.269169 0.563763 0.167069
0 0.277231 0.573474 0.149295
0 0.2921 0.559367 0.148533
0 0.289043 0.51105 0.199907
0 0.278112 0.567096 0.154792
0 0.258803 0.608229 0.132969
0 0.268355 0.592105 0.13954
0 0.263869 0.605136 0.130994
0 0.264641 0.597122 0.138237
0 0.268349 0.583698 0.147953
0 0.260307 0.589817 0.149876
0 0.256551 0.589138 0.154311
0 0.252084 0.589978 0.157938
0 0.246034 0.589346 0.164619
0 0.247325 0.587369 0.165306
0 0.25068 0.585173 0.164146
0 0.244721 0.593347 0.161932
0 0.24461 0.597736 0.157653
0 0.245878 0.586008 0.168113
0 0.245648 0.592263 0.162089
0 0.246718 0.594876 0.158406
0 0.238497 0.598515 0.162988
0 0.238768 0.609108 0.152124
0 0.240915 0.603342 0.155742
0 0.240845 0.60062 0.158535
0 0.249058 0.594046 0.156897
0 0.252086 0.587826 0.160088
0 0.250721 0.599991 0.149288
0 0.24655 0.604267 0.149183
0 0.238689 0.613797 0.147513
0 0.240744 0.608909 0.150348
0 0.256488 0.596077 0.147436
0 0.267222 0.578004 0.154774
0 0.259955 0.591439 0.148606
0 0.253806 0.595005 0.151189
0 0.243442 0.609272 0.147286
0 0.243566 0.61907 0.137363
0 0.245041 0.614361 0.140597
0 0.246316 0.607864 0.14582
0 0.239015 0.615141 0.145844
0 0.242885 0.605563 0.151551
0 0.249401 0.593366 0.157233
0 0.244539 0.591315 0.164146
0 0.245887 0.593608 0.160504
0 0.243119 0.595956 0.160926
0 0.238124 0.604709 0.157167
0 0.245179 0.602414 0.152407
0 0.24668 0.598167 0.155152
0 0.241687 0.601691 0.156621
0 0.242745 0.606346 0.150909
0 0.244872 0.60418 0.150948
0 0.246513 0.602967 0.15052
0 0.24838 0.598027 0.153593
0 0.246126 0.601274 0.1526
0 0.253114 0.587584 0.159302
0 0.265709 0.587991 0.146301
0 0.275732 0.571408 0.15286
0 0.275616 0.566426 0.157958
0 0.281988 0.571738 0.146274
0 0.273263 0.586708 0.140029
0 0.272492 0.594467 0.133042
0 0.276826 0.596671 0.126503
0 0.289208 0.591271 0.119521
0 0.30814 0.560457 0.131403
0 0.310981 0.547236 0.141783
0 0.314203 0.536524 0.149273
0 0.310528 0.52804 0.161432
0 0.309079 0.493989 0.196932
0 0.31616 0.513525 0.170315
0 0.315416 0.526107 0.158476
0 0.297533 0.513236 0.189231
0 0.294439 0.546457 0.159104
0 0.296072 0.558081 0.145847
0 0.315696 0.512218 0.172086
0 0.308256 0.526542 0.165202
0 0.292234 0.557192 0.150574
0 0.293464 0.542751 0.163786
0 0.290478 0.547883 0.161639
0 0.280279 0.562148 0.157573
0 0.288432 0.534048 0.177519
0 0.29303 0.540361 0.166609
0 0.288038 0.53693 0.175032
0 0.281808 0.529725 0.188467
0 0.277389 0.549449 0.173162
0 0.267339 0.568507 0.164154
0 0.274783 0.557582 0.167635
0 0.276663 0.562324 0.161013
0 0.265818 0.59434 0.139841
0 0.253942 0.591704 0.154354
0 0.258299 0.595245 0.146457
0 0.260258 0.605389 0.134353
0 0.268199 0.580599 0.151203
0 0.266098 0.580351 0.153551
0 0.255969 0.587794 0.156237
0 0.257833 0.579821 0.162345
0 0.258671 0.579241 0.162087
0 0.255205 0.577756 0.167038
0 0.253949 0.583514 0.162537
0 0.252006 0.581764 0.166231
0 0.247848 0.587369 0.164783
0 0.245048 0.593926 0.161025
0 0.237294 0.602755 0.159951
0 0.237021 0.611339 0.15164
0 0.244135 0.596185 0.15968
0 0.245118 0.595424 0.159458
0 0.241112 0.601922 0.156966
0 0.23981 0.610895 0.149295
0 0.25005 0.594611 0.155339
0 0.252932 0.593916 0.153152
0 0.25194 0.593038 0.155022
0 0.238632 0.611934 0.149435
0 0.234203 0.622258 0.143539
0 0.244598 0.606503 0.1489
0 0.246902 0.602164 0.150933
0 0.24619 0.600039 0.153771
0 0.243634 0.604687 0.151679
0 0.244876 0.593552 0.161573
0 0.246281 0.598772 0.154947
0 0.254403 0.588188 0.157408
0 0.253787 0.594806 0.151407
0 0.244134 0.604994 0.150872
0 0.237717 0.610532 0.151751
0 0.23949 0.611084 0.149426
0 0.245927 0.596816 0.157257
0 0.256585 0.58466 0.158755
0 0.261751 0.571154 0.167095
0 0.257402 0.576597 0.166002
0 0.25258 0.593128 0.154292
0 0.245018 0.601618 0.153364
0 0.248675 0.607348 0.143977
0 0.257839 0.588377 0.153784
0 0.266769 0.578372 0.154859
0 0.265572 0.584409 0.150019
0 0.252656 0.607411 0.139933
0 0.248582 0.604706 0.146712
0 0.24356 0.618143 0.138297
0 0.246805 0.610323 0.142872
0 0.245836 0.605176 0.148988
0 0.242331 0.609201 0.148468
0 0.243381 0.602992 0.153626
0 0.242513 0.596729 0.160758
0 0.240949 0.59962 0.159431
0 0.238466 0.608772 0.152763
0 0.236816 0.611011 0.152173
0 0.245037 0.600795 0.154169
0 0.241855 0.602716 0.155429
0 0.239786 0.606698 0.153516
0 0.249286 0.607161 0.143553
0 0.253805 0.596089 0.150106
0 0.248204 0.601972 0.149824
0 0.251216 0.587988 0.160796
0 0.254501 0.596036 0.149463
0 0.256687 0.598602 0.144712
0 0.252404 0.591941 0.155655
0 0.246331 0.610845 0.142824
0 0.244002 0.60754 0.148459
0 0.257768 0.58621 0.156023
0 0.266108 0.579341 0.154551
0 0.268419 0.584933 0.146648
0 0.280493 0.564895 0.154612
0 0.283713 0.562171 0.154116
0 0.285037 0.56028 0.154683
0 0.282047 0.562699 0.155254
0 0.27757 0.572133 0.150298
0 0.280593 0.586404 0.133003
0 0.278352 0.586165 0.135483
0 0.280662 0.593208 0.126131
0 0.282901 0.590861 0.126237
0 0.286308 0.58559 0.128102
0 0.291144 0.570613 0.138243
0 0.286852 0.580236 0.132911
0 0.285158 0.57562 0.139222
0 0.273568 0.600141 0.12629
0 0.289146 0.565927 0.144927
0 0.30356 0.551552 0.144889
0 0.301951 0.550225 0.147824
0 0.282345 0.574 0.143655
0 0.267747 0.59094 0.141312
0 0.273225 0.590653 0.136122
0 0.285783 0.585974 0.128243
0 0.28449 0.556083 0.159427
0 0.284671 0.574058 0.141271
0 0.275524 0.587787 0.136689
0 0.269699 0.578793 0.151508
0 0.276177 0.575667 0.148156
0 0.266549 0.595831 0.13762
0 0.263957 0.591773 0.14427
0 0.26361 0.589651 0.146739
0 0.25745 0.590453 0.152097
0 0.254042 0.598596 0.147361
0 0.250642 0.593622 0.155736
0 0.245359 0.596376 0.158265
0 0.245733 0.597045 0.157222
0 0.244447 0.593206 0.162347
0 0.243212 0.599838 0.15695
0 0.235466 0.601314 0.16322
0 0.241194 0.597658 0.161148
0 0.245005 0.591221 0.163775
0 0.245106 0.590865 0.164029
0 0.241071 0.601874 0.157055
0 0.23501 0.601463 0.163527
0 0.236885 0.606251 0.156864
0 0.238607 0.602012 0.159381
0 0.238719 0.5975 0.163782
0 0.235722 0.599994 0.164284
0 0.249457 0.594776 0.155768
0 0.267331 0.569215 0.163454
0 0.266337 0.574353 0.159309
0 0.253427 0.587947 0.158626
0 0.244848 0.617695 0.137457
0 0.251223 0.602935 0.145842
0 0.266167 0.574356 0.159476
0 0.285611 0.561481 0.152908
0 0.283843 0.560214 0.155943
0 0.295499 0.561468 0.143033
0 0.302022 0.5548 0.143178
0 0.306326 0.544106 0.149568
0 0.308135 0.552474 0.139391
0 0.302138 0.559817 0.138045
0 0.324446 0.531847 0.143708
0 0.338335 0.524292 0.137372
0 0.342424 0.505879 0.151698
0 0.333345 0.516434 0.150221
0 0.323686 0.539989 0.136325
0 0.34144 0.522711 0.135849
0 0.36307 0.481704 0.155226
0 0.368594 0.467603 0.163803
0 0.362193 0.451388 0.186419
0 0.349494 0.475082 0.175423
0 0.335686 0.512078 0.152237
0 0.317678 0.538002 0.144321
0 0.312918 0.552831 0.134251
0 0.326267 0.532287 0.141446
0 0.339989 0.502374 0.157637
0 0.345494 0.477851 0.176656
0 0.331056 0.506902 0.162042
0 0.314882 0.487673 0.197446
0 0.311496 0.525308 0.163196
0 0.300941 0.551878 0.147181
0 0.284009 0.563533 0.152458
0 0.277688 0.581921 0.140391
0 0.274665 0.581209 0.144126
0 0.27628 0.570682 0.153039
0 0.271074 0.570528 0.158397
0 0.269257 0.570484 0.160259
0 0.280004 0.55195 0.168046
0 0.28164 0.562088 0.156273
0 0.267179 0.577702 0.155119
0 0.254444 0.595076 0.15048
0 0.260439 0.599036 0.140525
0 0.265461 0.583426 0.151113
0 0.27332 0.571071 0.155609
0 0.271589 0.580283 0.148128
0 0.267073 0.580869 0.152058
0 0.280777 0.568659 0.150565
0 0.284466 0.570734 0.1448
0 0.278921 0.566741 0.154338
0 0.288633 0.559579 0.151787
0 0.302253 0.542712 0.155035
0 0.318059 0.536104 0.145837
0 0.320745 0.50455 0.174705
0 0.311668 0.530754 0.157578
0 0.305015 0.563191 0.131794
0 0.305502 0.54653 0.147968
0 0.326023 0.542411 0.131566
0 0.333076 0.542333 0.12459
0 0.341199 0.504504 0.154297
0 0.348962 0.491828 0.15921
0 0.34498 0.506906 0.148114
0 0.340445 0.500781 0.158773
0 0.326125 0.520001 0.153874
0 0.317235 0.539143 0.143621
0 0.326874 0.539333 0.133793
0 0.320878 0.542526 0.136596
0 0.300331 0.558344 0.141325
0 0.290612 0.583038 0.12635
0 0.288231 0.584488 0.127281
0 0.288525 0.572255 0.13922
0 0.280344 0.575589 0.144067
0 0.267065 0.581991 0.150943
0 0.264973 0.578525 0.156502
0 0.26129 0.575397 0.163313
0 0.259219 0.576924 0.163857
0 0.25353 0.592752 0.153717
0 0.254626 0.585872 0.159501
0 0.260148 0.584274 0.155578
0 0.254714 0.588571 0.156715
0 0.24198 0.602143 0.155876
0 0.246751 0.606329 0.14692
0 0.245246 0.602433 0.152321
0 0.238457 0.603366 0.158177
0 0.238736 0.607438 0.153827
0 0.247198 0.599379 0.153423
0 0.2547 0.597238 0.148062
0 0.259247 0.595134 0.145619
0 0.25439 0.597963 0.147647
0 0.252467 0.609562 0.137972
0 0.249321 0.609965 0.140715
0 0.245883 0.600792 0.153325
0 0.256351 0.588254 0.155396
0 0.256407 0.596693 0.1469
0 0.261783 0.571134 0.167083
0 0.257564 0.586662 0.155774
0 0.264381 0.57958 0.156039
0 0.268173 0.582163 0.149664
0 0.260199 0.597557 0.142244
0 0.256916 0.598159 0.144925
0 0.249782 0.613547 0.136671
0 0.249434 0.599322 0.151244
0 0.253025 0.60283 0.144145
0 0.25444 0.592139 0.153421
0 0.254951 0.600217 0.144832
0 0.263556 0.587649 0.148795
0 0.261755 0.592059 0.146186
0 0.26032 0.599737 0.139943
0 0.252923 0.602187 0.14489
0 0.251417 0.608785 0.139798
0 0.261022 0.585229 0.153749
0 0.275487 0.57648 0.148033
0 0.288014 0.554589 0.157397
0 0.285176 0.564117 0.150707
0 0.289615 0.567059 0.143326
0 0.288538 0.571376 0.140087
0 0.298403 0.560557 0.141039
0 0.300783 0.555047 0.14417
0 0.3155 0.533024 0.151476
0 0.326951 0.527473 0.145576
0 0.325756 0.541986 0.132258
0 0.325373 0.537839 0.136788
0 0.318071 0.560113 0.121817
0 0.326361 0.549509 0.124129
0 0.353994 0.49656 0.149446
0 0.373246 0.490049 0.136706
0 0.353546 0.50576 0.140694
0 0.328152 0.532215 0.139633
0 0.304992 0.570765 0.124243
0 0.30039 0.57805 0.12156
0 0.299878 0.569546 0.130576
0 0.288168 0.576649 0.135183
0 0.287242 0.578374 0.134384
0 0.285528 0.572074 0.142398
0 0.279575 0.566689 0.153736
0 0.280341 0.570834 0.148825
0 0.270251 0.58 0.149748
0 0.257373 0.596387 0.14624
0 0.260046 0.596903 0.143051
0 0.269932 0.581042 0.149026
0 0.281273 0.573288 0.145439
0 0.282749 0.566291 0.15096
0 0.28208 0.565285 0.152635
0 0.281852 0.580719 0.137429
0 0.274306 0.57743 0.148264
0 0.275368 0.588072 0.13656
0 0.27268 0.58642 0.1409
0 0.276617 0.588933 0.134451
0 0.280668 0.580795 0.138537
0 0.275568 0.591084 0.133349
0 0.272983 0.58835 0.138666
0 0.262272 0.604276 0.133452
0 0.25952 0.594746 0.145734
0 0.261995 0.594578 0.143427
0 0.271873 0.580247 0.14788
0 0.281021 0.567739 0.15124
0 0.282524 0.569317 0.148159
0 0.270545 0.578057 0.151398
0 0.268773 0.589486 0.141742
0 0.273759 0.583084 0.143157
0 0.273527 0.579472 0.147001
0 0.278713 0.57307 0.148218
0 0.271592 0.58616 0.142248
0 0.268369 0.579782 0.15185
0 0.282139 0.562228 0.155634
0 0.287198 0.560902 0.1519
0 0.286354 0.561837 0.151809
0 0.291496 0.564294 0.14421
0 0.291025 0.564707 0.144268
0 0.294627 0.564236 0.141137
0 0.31361 0.542866 0.143524
0 0.328553 0.508658 0.162789
0 0.334382 0.513075 0.152543
0 0.312509 0.530445 0.157047
0 0.301335 0.564233 0.134432
0 0.300757 0.577896 0.121348
0 0.301529 0.576048 0.122423
0 0.314386 0.552474 0.13314
0 0.311749 0.555331 0.132919
0 0.315615 0.542802 0.141583
0 0.313503 0.52967 0.156827
0 0.300216 0.552427 0.147357
0 0.29686 0.558395 0.144745
0 0.294599 0.565626 0.139776
0 0.288043 0.563945 0.148013
0 0.285014 0.571908 0.143078
0 0.283333 0.578003 0.138663
0 0.269352 0.586946 0.143702
0 0.272937 0.581836 0.145228
0 0.282842 0.566262 0.150896
0 0.279733 0.571223 0.149044
0 0.26618 0.588556 0.145264
0 0.258961 0.590587 0.150452
0 0.273457 0.575756 0.150787
0 0.282894 0.567866 0.14924
0 0.280901 0.566229 0.15287
0 0.271052 0.579453 0.149495
0 0.274711 0.581814 0.143476
0 0.284875 0.561603 0.153522
0 0.280249 0.570367 0.149384
0 0.282972 0.562567 0.154461
0 0.300949 0.558387 0.140664
0 0.312563 0.537825 0.149613
0 0.311262 0.54537 0.143368
0 0.298403 0.558433 0.143164
0 0.278562 0.586076 0.135362
0 0.284186 0.587665 0.12815
0 0.289683 0.571352 0.138965
0 0.292697 0.558607 0.148696
0 0.287396 0.572193 0.140411
0 0.28121 0.565879 0.152911
0 0.281779 0.574491 0.14373
0 0.280427 0.572503 0.14707
0 0.274955 0.57348 0.151565
0 0.2646 0.585403 0.149997
0 0.257327 0.5929 0.149773
0 0.263834 0.586777 0.149389
0 0.277545 0.572636 0.149819
0 0.272879 0.579226 0.147894
0 0.265357 0.587677 0.146966
0 0.258802 0.598246 0.142952
0 0.260484 0.593307 0.146209
0 0.265703 0.585893 0.148404
0 0.266263 0.581924 0.151813
0 0.262757 0.587562 0.149681
0 0.272074 0.579928 0.147998
0 0.302077 0.536178 0.161745
0 0.321461 0.526456 0.152083
0 0.310799 0.537183 0.152018
0 0.300862 0.548692 0.150446
0 0.306806 0.571531 0.121663
0 0.306835 0.551179 0.141986
0 0.316782 0.539468 0.14375
0 0.316093 0.541083 0.142824
0 0.311528 0.539438 0.149035
0 0.327743 0.526128 0.146129
0 0.335186 0.498936 0.165879
0 0.346044 0.506181 0.147775
0 0.341591 0.511508 0.1469
0 0.324895 0.539912 0.135193
0 0.319531 0.549753 0.130717
0 0.316945 0.551166 0.131889
0 0.326019 0.530427 0.143554
0 0.329456 0.526514 0.14403
0 0.316664 0.546453 0.136884
0 0.300845 0.56329 0.135865
0 0.292833 0.56787 0.139297
0 0.287697 0.581615 0.130688
0 0.284377 0.575589 0.140035
0 0.280849 0.571228 0.147924
0 0.283605 0.565348 0.151047
0 0.284295 0.568465 0.14724
0 0.27974 0.567679 0.152581
0 0.267886 0.588626 0.143488
0 0.264804 0.590409 0.144788
0 0.26538 0.586596 0.148025
0 0.258966 0.595034 0.146
0 0.252973 0.596072 0.150955
0 0.260344 0.592082 0.147574
0 0.26899 0.576079 0.154931
0 0.267396 0.576823 0.155781
0 0.260446 0.586826 0.152728
0 0.25668 0.591767 0.151553
0 0.257632 0.589504 0.152864
0 0.266874 0.580673 0.152453
0 0.282867 0.560831 0.156302
0 0.29236 0.549604 0.158036
0 0.291027 0.55624 0.152733
0 0.281083 0.575751 0.143167
0 0.276099 0.577645 0.146256
0 0.276092 0.573121 0.150787
0 0.27394 0.57033 0.15573
0 0.271456 0.561371 0.167172
0 0.27956 0.562321 0.158118
0 0.284981 0.548077 0.166942
0 0.288462 0.555747 0.15579
0 0.287778 0.550267 0.161955
0 0.290211 0.551772 0.158017
0 0.289672 0.55584 0.154487
0 0.290568 0.549543 0.159889
0 0.301056 0.542322 0.156623
0 0.296517 0.554491 0.148992
0 0.302034 0.552289 0.145677
0 0.331927 0.527159 0.140914
0 0.342745 0.500615 0.15664
0 0.338125 0.511368 0.150507
0 0.331067 0.526616 0.142317
0 0.321135 0.53439 0.144475
0 0.349709 0.500994 0.149297
0 0.372272 0.477559 0.150169
0 0.380187 0.456561 0.163252
0 0.387359 0.462753 0.149888
0 0.40029 0.451804 0.147906
0 0.418143 0.429494 0.152363
0 0.427806 0.430944 0.14125
-1 0.41309 0.410525 0.176384
-1 0.44164 0.406802 0.151558
-1 0.452629 0.394872 0.152499
-1 0.450082 0.367387 0.182531
-1 0.456709 0.404056 0.139235
-1 0.433183 0.413867 0.152951
-1 0.451061 0.406793 0.142146
-1 0.443816 0.414996 0.141188
-1 0.445099 0.40007 0.154831
-1 0.471545 0.380768 0.147687
-1 0.447486 0.401719 0.150795
0 0.419915 0.435975 0.14411
0 0.396939 0.460277 0.142784
0 0.386495 0.487 0.126505
0 0.368261 0.49407 0.137669
0 0.362351 0.499726 0.137923
0 0.344759 0.525488 0.129753
0 0.329861 0.524706 0.145432
0 0.340178 0.51438 0.145442
0 0.323903 0.525472 0.150625
0 0.323666 0.521297 0.155036
0 0.328733 0.526237 0.145029
0 0.322983 0.526164 0.150853
0 0.324213 0.534442 0.141345
0 0.326011 0.541854 0.132134
0 0.328951 0.521466 0.149582
0 0.350891 0.509797 0.139312
0 0.367737 0.482286 0.149977
0 0.376407 0.475831 0.147762
0 0.39321 0.458702 0.148088
0 0.388897 0.470871 0.140232
0 0.396961 0.475728 0.127311
0 0.405299 0.463772 0.130929
0 0.429563 0.442079 0.128357
-1 0.462738 0.400132 0.137131
-1 0.482898 0.375535 0.141567
-1 0.467198 0.36455 0.168252
-1 0.472153 0.37474 0.153107
-1 0.478509 0.368642 0.15285
-1 0.470417 0.354325 0.175257
-1 0.479626 0.377837 0.142537
-1 0.471392 0.376912 0.151696
-1 0.465734 0.394183 0.140083
-1 0.451197 0.413879 0.134924
-1 0.458486 0.394698 0.146816
-1 0.483916 0.377132 0.138952
-1 0.469389 0.357058 0.173553
-1 0.477876 0.344518 0.177606
-1 0.467698 0.35987 0.172432
-1 0.439855 0.364222 0.195923
-1 0.446511 0.361687 0.191802
-1 0.429994 0.360372 0.209634
-1 0.435326 0.375338 0.189336
-1 0.435527 0.401727 0.162745
-1 0.411474 0.405335 0.183191
0 0.424224 0.42689 0.148885
-1 0.429549 0.371707 0.198744
-1 0.447056 0.350075 0.20287
-1 0.446873 0.388359 0.164767
0 0.404905 0.426488 0.168607
0 0.390125 0.457376 0.152499
0 0.374526 0.495413 0.130061
0 0.368319 0.485448 0.146234
0 0.362278 0.488639 0.149084
0 0.351503 0.503974 0.144523
0 0.349063 0.492924 0.158013
0 0.348007 0.499005 0.152988
0 0.320134 0.531953 0.147913
0 0.297689 0.550681 0.15163
0 0.314406 0.537105 0.148489
0 0.321318 0.529138 0.149543
0 0.316248 0.532971 0.150782
0 0.317947 0.535283 0.146769
0 0.328738 0.520211 0.15105
0 0.331532 0.524534 0.143934
0 0.311774 0.546582 0.141645
0 0.29769 0.560368 0.141943
0 0.303271 0.567418 0.129312
0 0.317159 0.540978 0.141863
0 0.314714 0.54043 0.144856
0 0.304845 0.561438 0.133716
0 0.298684 0.565699 0.135618
0 0.3107 0.553509 0.135791
0 0.318944 0.530626 0.15043
0 0.319819 0.530986 0.149196
0 0.297738 0.556803 0.145459
0 0.291069 0.571688 0.137243
0 0.293475 0.573069 0.133456
0 0.30231 0.545818 0.151872
0 0.322627 0.520702 0.156672
0 0.327257 0.525377 0.147366
0 0.336664 0.513648 0.149688
0 0.339185 0.523231 0.137584
0 0.348051 0.514659 0.13729
0 0.355306 0.490874 0.15382
0 0.372855 0.476853 0.150292
0 0.36623 0.496605 0.137165
0 0.347111 0.516774 0.136114
0 0.353213 0.524851 0.121935
0 0.352856 0.518164 0.128981
0 0.362502 0.49493 0.142569
0 0.361476 0.49875 0.139774
0 0.346421 0.520382 0.133197
0 0.338047 0.524373 0.13758
0 0.323279 0.540053 0.136669
0 0.310361 0.552577 0.137062
0 0.304565 0.554198 0.141237
0 0.32248 0.523101 0.154418
0 0.343142 0.509561 0.147298
0 0.318123 0.538504 0.143374
0 0.296285 0.564626 0.139089
0 0.302316 0.568998 0.128686
0 0.312726 0.547442 0.139832
0 0.32459 0.52432 0.151091
0 0.332024 0.516855 0.151121
0 0.33697 0.510774 0.152256
0 0.356451 0.495789 0.147761
0 0.34456 0.516149 0.139292
0 0.315265 0.546939 0.137796
0 0.318289 0.555667 0.126044
0 0.311843 0.553897 0.134259
0 0.311919 0.539928 0.148152
0 0.308729 0.548261 0.14301
0 0.302578 0.549053 0.148369
0 0.311244 0.543057 0.1457
0 0.318443 0.534374 0.147184
0 0.317868 0.534476 0.147657
0 0.303967 0.560649 0.135383
0 0.284298 0.588796 0.126906
0 0.279361 0.589689 0.13095
0 0.293449 0.567379 0.139172
0 0.310206 0.543816 0.145978
0 0.319353 0.542013 0.138634
0 0.312487 0.552624 0.134889
0 0.29862 0.571313 0.130067
0 0.296287 0.576799 0.126915
0 0.292817 0.575058 0.132125
0 0.287732 0.57586 0.136408
0 0.295267 0.56734 0.137393
0 0.309535 0.543476 0.146989
0 0.319772 0.538606 0.141621
0 0.317906 0.547095 0.135
0 0.312053 0.556931 0.131016
0 0.308217 0.564968 0.126815
0 0.321844 0.541358 0.136798
0 0.339511 0.520257 0.140232
0 0.351351 0.512522 0.136127
0 0.343955 0.515954 0.140091
0 0.341444 0.525415 0.13314
0 0.352896 0.510599 0.136505
0 0.371899 0.490831 0.13727
0 0.360812 0.496834 0.142353
0 0.341172 0.522844 0.135984
0 0.341411 0.526611 0.131979
0 0.346498 0.518693 0.134809
0 0.358242 0.493804 0.147954
0 0.363837 0.483723 0.15244
0 0.3803 0.474436 0.145264
0 0.398437 0.452187 0.149375
0 0.403604 0.45015 0.146246
0 0.384814 0.476698 0.138488
0 0.381304 0.479937 0.13876
0 0.390165 0.480802 0.129033
0 0.378898 0.486821 0.134281
0 0.397311 0.456452 0.146237
0 0.420654 0.441748 0.137598
0 0.414726 0.427083 0.158191
0 0.422768 0.431634 0.145598
0 0.402477 0.457794 0.139729
0 0.418003 0.438342 0.143655
0 0.430443 0.43423 0.135327
0 0.420866 0.433103 0.146031
0 0.425331 0.440026 0.134643
0 0.434753 0.440515 0.124732
0 0.421308 0.439869 0.138823
0 0.395014 0.473331 0.131655
0 0.365498 0.495616 0.138886
0 0.371349 0.491326 0.137325
0 0.378722 0.466057 0.15522
0 0.387307 0.442892 0.169802
0 0.404358 0.430631 0.165011
0 0.397146 0.441223 0.16163
0 0.393851 0.454328 0.151821
0 0.389146 0.465741 0.145113
0 0.39727 0.45161 0.15112
0 0.420508 0.43395 0.145542
0 0.415609 0.431938 0.152453
0 0.425642 0.433293 0.141065
0 0.42376 0.445142 0.131098
0 0.422641 0.429874 0.147486
-1 0.45438 0.40565 0.13997
-1 0.46244 0.390217 0.147343
-1 0.456298 0.396049 0.147653
-1 0.450106 0.415846 0.134048
-1 0.465886 0.389919 0.144194
-1 0.494322 0.371737 0.133941
-1 0.48089 0.363526 0.155583
-1 0.472175 0.388863 0.138962
-1 0.4607 0.411976 0.127324
-1 0.446866 0.413896 0.139238
-1 0.447801 0.417215 0.134984
-1 0.444658 0.412013 0.143329
-1 0.462671 0.395713 0.141617
-1 0.473895 0.378938 0.147168
-1 0.466411 0.357634 0.175954
-1 0.486287 0.356029 0.157684
-1 0.477145 0.356384 0.16647
-1 0.459 0.348742 0.192258
-1 0.480921 0.370273 0.148807
-1 0.47 0.363709 0.166291
-1 0.490905 0.330876 0.178219
-1 0.513948 0.331663 0.154389
-1 0.506548 0.296317 0.197135
-1 0.535644 0.278397 0.185959
-1 0.523724 0.294238 0.182038
-1 0.497476 0.326887 0.175637
-1 0.486047 0.36241 0.151542
-1 0.474044 0.380737 0.145219
-1 0.477132 0.389132 0.133736
-1 0.465291 0.387932 0.146777
-1 0.478776 0.358061 0.163163
-1 0.485139 0.361396 0.153465
-1 0.46106 0.376008 0.162932
-1 0.431499 0.40776 0.160741
0 0.413581 0.441581 0.144839
-1 0.426651 0.42007 0.153279
-1 0.441948 0.398902 0.15915
-1 0.427095 0.365791 0.207114
-1 0.451162 0.363536 0.185302
-1 0.455602 0.366492 0.177906
-1 0.425103 0.37884 0.196057
-1 0.431568 0.416046 0.152385
-1 0.433891 0.407085 0.159024
-1 0.458835 0.364316 0.176848
-1 0.471711 0.344153 0.184136
-1 0.467442 0.349484 0.183075
-1 0.477915 0.348027 0.174058
-1 0.460887 0.32789 0.211223
-1 0.46692 0.343339 0.189741
-1 0.457721 0.313638 0.228641
-1 0.465218 0.323378 0.211403
-1 0.461047 0.328243 0.21071
-1 0.448446 0.352462 0.199093
-1 0.445889 0.365198 0.188913
-1 0.442683 0.338507 0.21881
-1 0.475737 0.318749 0.205513
-1 0.480716 0.294426 0.224858
-1 0.459722 0.251428 0.28885
-1 0.466788 0.300666 0.232546
-1 0.463115 0.304555 0.23233
-1 0.450188 0.25783 0.291982
-1 0.462419 0.274753 0.262828
-1 0.47596 0.312115 0.211925
-1 0.462676 0.28037 0.256954
-1 0.452974 0.293706 0.253321
-1 0.449531 0.32098 0.229488
-1 0.440208 0.267524 0.292268
-1 0.453631 0.270132 0.276236
-1 0.43897 0.255438 0.305592
1 0.410205 0.155618 0.434177
-1 0.430128 0.27373 0.296142
-1 0.432882 0.203987 0.363132
