labels 0 1 -1
-1 0.039319 0.00168766 0.958993
-1 0.340518 0.0208172 0.638665
-1 0.135991 0.100729 0.763281
-1 0.0237079 0.00455006 0.971742
1 0.237038 0.62419 0.138771
-1 0.104436 0.0291021 0.866462
-1 0.122822 0.0204077 0.85677
0 0.378989 0.354497 0.266513
-1 0.135167 0.0134955 0.851337
-1 0.111013 0.186392 0.702596
1 0.00397756 0.993867 0.00215506
1 0.143019 0.835301 0.0216798
-1 0.0615393 0.0137829 0.924678
-1 0.214327 0.0246854 0.760988
1 0.10356 0.861818 0.0346217
1 0.235007 0.744476 0.0205173
0 0.587262 0.113286 0.299452
0 0.843442 0.104475 0.0520839
0 0.791939 0.172039 0.0360215
1 0.0129035 0.98631 0.000786065
0 0.91514 0.0833351 0.0015244
0 0.827189 0.139546 0.0332643
0 0.954682 0.020775 0.0245429
0 0.688053 0.0409526 0.270995
0 0.458379 0.327671 0.213951
1 0.100063 0.899072 0.000865451
0 0.960303 0.0284409 0.0112561
0 0.648422 0.345315 0.0062639
0 0.900211 0.0887673 0.0110222
0 0.605942 0.297375 0.0966824
0 0.940729 0.0288821 0.0303886
0 0.558143 0.0212613 0.420596
0 0.519587 0.47854 0.00187298
0 0.558958 0.419459 0.0215835
0 0.847372 0.146754 0.0058736
0 0.901253 0.0873826 0.0113646
0 0.927918 0.0684269 0.00365464
0 0.955685 0.0339143 0.0104009
0 0.945124 0.0417964 0.0130796
0 0.942143 0.0131028 0.0447544
0 0.864954 0.125506 0.00953971
0 0.958067 0.0357295 0.00620313
0 0.721241 0.27453 0.00422809
0 0.827672 0.168101 0.00422648
-1 0.0658111 0.000138863 0.93405
0 0.928226 0.0574747 0.0142988
0 0.578384 0.0879948 0.333621
0 0.534388 0.455339 0.0102733
0 0.946665 0.037719 0.0156157
0 0.921018 0.0174712 0.0615106
0 0.937798 0.0112537 0.0509484
0 0.767707 0.0274823 0.20481
0 0.916691 0.00426527 0.0790441
0 0.824093 0.0523728 0.123534
0 0.544835 0.00210357 0.453061
0 0.758771 0.231592 0.00963742
1 0.331933 0.619446 0.0486212
-1 0.192601 0.000814188 0.806585
-1 0.0612004 0.000332826 0.938467
0 0.679254 0.0186229 0.302124
0 0.591852 0.0532062 0.354942
0 0.804501 0.0273404 0.168158
0 0.741771 0.0626003 0.195629
0 0.701759 0.281599 0.0166421
0 0.959884 0.0231504 0.0169652
0 0.582255 0.407759 0.00998534
0 0.950883 0.0127089 0.0364081
0 0.757998 0.00964612 0.232356
-1 0.0880627 0.000393401 0.911544
0 0.78918 0.0990045 0.111815
-1 0.407891 0.0252224 0.566887
0 0.561065 0.0320733 0.406861
1 0.478855 0.50081 0.0203341
0 0.647913 0.0149146 0.337172
-1 0.0875509 0.00420504 0.908244
-1 0.0705742 0.000372669 0.929053
-1 0.421125 0.0116868 0.567189
-1 0.264516 0.0416397 0.693844
-1 0.317508 0.0294734 0.653019
-1 0.158327 0.00588275 0.835791
-1 0.182684 0.00579355 0.811522
1 0.370963 0.400681 0.228356
-1 0.128609 0.0254914 0.8459
-1 0.11049 0.0159494 0.873561
1 0.103115 0.645174 0.251712
1 0.171434 0.574363 0.254203
1 0.0418748 0.95141 0.00671527
0 0.479499 0.414553 0.105948
-1 0.22937 0.0346716 0.735958
1 0.300533 0.555298 0.144169
1 0.00832479 0.991291 0.000383728
0 0.78382 0.0945341 0.121646
1 0.217393 0.777188 0.00541922
0 0.884638 0.10536 0.0100025
0 0.682424 0.306782 0.0107944
0 0.495608 0.494328 0.0100633
1 0.25522 0.695393 0.0493865
0 0.615746 0.38115 0.00310359
0 0.861672 0.119 0.0193283
0 0.724924 0.265406 0.00967029
0 0.967707 0.0209177 0.0113752
0 0.546549 0.392452 0.0609986
1 0.446277 0.549355 0.00436745
0 0.539936 0.439122 0.020942
-1 0.044726 0.000168347 0.955106
0 0.716576 0.241554 0.0418698
0 0.893907 0.0574293 0.0486639
-1 0.0812222 0.000297337 0.91848
0 0.731407 0.113864 0.154728
0 0.926447 0.0510269 0.0225263
0 0.619142 0.351546 0.0293128
0 0.784224 0.208313 0.00746326
0 0.990155 0.00428007 0.00556524
-1 0.00444204 9.40168e-05 0.995464
0 0.924468 0.0443613 0.0311708
1 0.270481 0.722861 0.00665738
0 0.774598 0.210054 0.0153481
1 0.451487 0.536536 0.0119773
0 0.615006 0.37552 0.00947484
0 0.64187 0.34776 0.0103701
0 0.943497 0.0300921 0.0264108
-1 0.181556 0.00133762 0.817107
0 0.786775 0.210165 0.0030602
1 0.202947 0.792589 0.00446421
0 0.770113 0.225631 0.00425654
0 0.905007 0.0625183 0.0324749
0 0.983435 0.01506 0.00150456
0 0.884006 0.104146 0.0118485
0 0.878536 0.119432 0.00203145
0 0.959411 0.0373261 0.00326276
0 0.988557 0.00318977 0.00825326
0 0.989334 0.00287288 0.0077929
0 0.939162 0.0131041 0.047734
0 0.875873 0.0454572 0.0786697
0 0.80118 0.194666 0.00415346
0 0.869097 0.117278 0.013625
0 0.885263 0.0763488 0.0383879
-1 0.467175 0.00265692 0.530168
1 0.251204 0.747979 0.000816706
0 0.938043 0.00867848 0.0532783
0 0.611411 0.0114234 0.377166
0 0.927243 0.0479735 0.0247832
1 0.477893 0.520166 0.00194121
0 0.818372 0.177191 0.00443712
0 0.927995 0.0676226 0.00438237
0 0.988771 0.00651582 0.00471318
0 0.656119 0.00573047 0.33815
0 0.972833 0.0106136 0.0165535
0 0.951847 0.0364557 0.0116969
-1 0.459491 0.0130918 0.527417
0 0.983862 0.00643649 0.00970137
0 0.820601 0.00577714 0.173622
-1 0.1405 0.000573114 0.858927
0 0.621866 0.0298374 0.348297
0 0.931813 0.0191487 0.0490378
0 0.926126 0.019479 0.0543949
1 0.328557 0.670997 0.000446114
0 0.993647 0.000907172 0.00544586
0 0.930772 0.0413567 0.0278717
0 0.971421 0.0190418 0.0095374
0 0.721772 0.0605683 0.21766
0 0.505981 0.0157183 0.478301
-1 0.339403 0.0113324 0.649264
1 0.236235 0.760739 0.00302522
0 0.640877 0.350503 0.00862011
0 0.851234 0.144707 0.00405876
0 0.976905 0.00318483 0.0199098
0 0.749504 0.00303372 0.247462
0 0.82868 0.00101927 0.1703
0 0.481543 0.0406361 0.477821
0 0.647918 0.0129914 0.33909
0 0.526411 0.126719 0.346869
1 0.0282013 0.971789 9.46233e-06
0 0.866053 0.106724 0.0272228
0 0.883825 0.111802 0.00437293
0 0.978009 0.0130867 0.00890418
0 0.978031 0.0155965 0.00637253
0 0.681524 0.00804447 0.310431
1 0.438447 0.555877 0.00567542
0 0.503567 0.00200585 0.494427
0 0.783784 0.198405 0.0178104
0 0.839421 0.144316 0.016263
0 0.94194 0.0388595 0.0192002
0 0.863372 0.132159 0.00446929
0 0.986979 0.00735598 0.00566498
-1 0.22268 0.00289291 0.774427
0 0.754942 0.239901 0.00515657
0 0.886859 0.00263458 0.110506
0 0.588064 0.00534532 0.40659
0 0.778352 0.126847 0.0948005
0 0.843563 0.12736 0.0290769
0 0.666052 0.330627 0.00332107
0 0.934625 0.0606221 0.00475306
0 0.897629 0.00546639 0.0969043
0 0.839132 0.160346 0.00052174
0 0.865469 0.128536 0.00599471
0 0.972089 0.0215769 0.0063337
0 0.705593 0.0188837 0.275523
0 0.799253 0.0154098 0.185337
0 0.521619 0.324928 0.153453
0 0.921696 0.0201612 0.0581431
-1 0.0984073 0.00105944 0.900533
-1 0.383993 0.0141755 0.601832
0 0.563593 0.0220327 0.414374
1 0.247339 0.750066 0.00259547
0 0.848834 0.0938486 0.0573177
-1 3.94957e-06 2.02084e-06 0.999994
0 0.874864 0.120315 0.00482126
-1 0.156432 0.00273148 0.840837
-1 0.369776 0.0160601 0.614164
0 0.621724 0.0399857 0.338291
-1 0.453329 0.0132658 0.533405
0 0.569239 0.18829 0.242471
0 0.552433 0.399418 0.0481492
0 0.874674 0.0233493 0.101976
1 0.128256 0.868914 0.00282983
0 0.95993 0.0278216 0.0122486
0 0.904731 0.0358677 0.0594015
0 0.911138 0.0185641 0.0702983
0 0.785278 0.207722 0.00700034
0 0.809067 0.0549911 0.135942
0 0.665947 0.314352 0.0197016
0 0.847381 0.143729 0.00889064
-1 0.456057 0.0195327 0.52441
0 0.60185 0.0522895 0.34586
1 0.0613428 0.937832 0.000825635
0 0.908215 0.0606556 0.0311296
1 0.0499283 0.949962 0.000109233
0 0.916934 0.0826001 0.000465592
0 0.698244 0.0158625 0.285893
0 0.969532 0.0250085 0.00545995
0 0.909475 0.0122414 0.0782834
0 0.921919 0.0437014 0.0343793
-1 0.216651 0.00913698 0.774213
-1 0.260565 0.00155096 0.737884
0 0.594695 0.0887327 0.316572
0 0.560369 0.011695 0.427936
-1 0.104854 0.00175182 0.893394
-1 0.374934 0.00781878 0.617247
0 0.725996 0.0825731 0.191431
0 0.710772 0.0590912 0.230137
1 0.329683 0.663348 0.00696867
0 0.537092 0.0268804 0.436028
1 0.248062 0.749573 0.00236445
