labels 0 1 -1
0 0.374714 0.304204 0.321082
1 0.235839 0.452592 0.311569
1 0.155435 0.616414 0.228151
-1 0.125667 0.386147 0.488186
1 0.0767729 0.735292 0.187935
1 0.0576373 0.803897 0.138466
-1 0.156188 0.325396 0.518415
1 0.107239 0.717022 0.175739
-1 0.228537 0.357859 0.413603
1 0.069017 0.539008 0.391975
-1 0.0526444 0.283801 0.663555
-1 0.197118 0.360172 0.442709
-1 0.126913 0.412781 0.460305
1 0.233717 0.404844 0.361439
-1 0.0617602 0.354734 0.583506
1 0.0891106 0.500196 0.410694
-1 0.274704 0.305351 0.419945
-1 0.162486 0.40213 0.435384
1 0.306935 0.551713 0.141352
-1 0.212171 0.142844 0.644986
1 0.268586 0.597997 0.133417
0 0.448609 0.299741 0.25165
1 0.348707 0.384853 0.266439
1 0.362636 0.460976 0.176387
0 0.386075 0.28654 0.327385
1 0.147254 0.668938 0.183808
1 0.385679 0.496147 0.118175
0 0.539239 0.190329 0.270433
0 0.682661 0.151315 0.166024
1 0.353305 0.353739 0.292955
0 0.421792 0.261627 0.31658
0 0.413422 0.325495 0.261083
1 0.304412 0.355638 0.33995
0 0.587773 0.306935 0.105292
0 0.455076 0.299707 0.245217
0 0.409331 0.335608 0.255061
0 0.707585 0.163203 0.129212
0 0.43119 0.148158 0.420652
0 0.504926 0.357656 0.137418
0 0.803603 0.0654022 0.130994
1 0.277108 0.428511 0.294381
0 0.626007 0.132722 0.241271
0 0.67738 0.142756 0.179864
0 0.700745 0.161391 0.137864
0 0.632783 0.198761 0.168456
-1 0.103646 0.300819 0.595535
0 0.416998 0.215011 0.367991
0 0.466423 0.144792 0.388785
0 0.524419 0.354874 0.120707
0 0.508038 0.175228 0.316734
0 0.446395 0.215113 0.338491
1 0.290776 0.378711 0.330513
-1 0.331215 0.1873 0.481486
1 0.242496 0.581262 0.176241
-1 0.360632 0.0953821 0.543986
1 0.173808 0.423899 0.402293
0 0.604766 0.134056 0.261178
0 0.487847 0.305483 0.206669
-1 0.252627 0.354691 0.392682
-1 0.355307 0.135501 0.509193
-1 0.111548 0.342213 0.54624
0 0.405261 0.330704 0.264036
-1 0.197582 0.314283 0.488135
-1 0.20282 0.357166 0.440014
0 0.532503 0.271157 0.19634
0 0.438483 0.211849 0.349668
0 0.449208 0.233801 0.316991
-1 0.26993 0.274622 0.455448
-1 0.276964 0.219253 0.503784
-1 0.191807 0.400003 0.408189
1 0.15072 0.429644 0.419636
-1 0.103038 0.283997 0.612965
-1 0.144301 0.166089 0.68961
0 0.556869 0.317101 0.12603
1 0.162962 0.446873 0.390165
-1 0.284119 0.27831 0.437571
1 0.300312 0.357189 0.342499
-1 0.14733 0.273598 0.579073
1 0.200304 0.574337 0.225359
-1 0.169249 0.350316 0.480435
-1 0.0711576 0.440576 0.488266
-1 0.261633 0.265135 0.473232
1 0.118051 0.466393 0.415556
-1 0.108502 0.394097 0.497401
-1 0.0750749 0.325665 0.59926
-1 0.10195 0.347528 0.550523
1 0.139638 0.547591 0.312772
1 0.193224 0.458306 0.348469
-1 0.0888992 0.334503 0.576598
-1 0.153464 0.337057 0.509479
1 0.246024 0.496233 0.257743
-1 0.149347 0.407056 0.443597
1 0.136099 0.560994 0.302908
0 0.464601 0.187178 0.34822
-1 0.242627 0.223836 0.533537
1 0.412401 0.42929 0.158308
0 0.495554 0.372365 0.132081
1 0.248711 0.570795 0.180494
0 0.700048 0.147972 0.15198
1 0.405852 0.453928 0.14022
0 0.488663 0.217531 0.293806
0 0.382998 0.244001 0.373001
0 0.701858 0.147899 0.150243
0 0.590385 0.299805 0.10981
0 0.797073 0.144706 0.0582214
1 0.156911 0.43282 0.41027
-1 0.329765 0.230157 0.440079
-1 0.251423 0.176282 0.572295
0 0.372019 0.264306 0.363675
1 0.235959 0.607147 0.156895
-1 0.290403 0.339298 0.370299
1 0.206793 0.671168 0.122039
0 0.718661 0.057331 0.224008
0 0.427244 0.307352 0.265404
1 0.272904 0.496142 0.230954
1 0.0427517 0.67458 0.282668
-1 0.245432 0.113071 0.641497
0 0.507838 0.303054 0.189108
0 0.603974 0.149538 0.246488
1 0.214235 0.572271 0.213493
0 0.481726 0.201785 0.316489
-1 0.431507 0.110937 0.457556
-1 0.342718 0.235488 0.421794
0 0.443618 0.29683 0.259552
0 0.37108 0.310221 0.3187
0 0.572082 0.218139 0.209779
0 0.651896 0.218781 0.129323
0 0.548461 0.147111 0.304428
1 0.35278 0.52924 0.11798
0 0.742403 0.16856 0.089037
1 0.262384 0.553056 0.18456
0 0.603933 0.155474 0.240594
0 0.382004 0.324585 0.293411
-1 0.405506 0.180782 0.413713
-1 0.314226 0.264712 0.421062
0 0.333333 0.333333 0.333333
-1 0.400216 0.188322 0.411462
0 0.437603 0.257512 0.304885
-1 0.225712 0.122844 0.651444
1 0.37917 0.483228 0.137602
-1 0.355129 0.165011 0.479859
1 0.354679 0.357337 0.287984
0 0.529031 0.158845 0.312125
0 0.433495 0.189249 0.377256
0 0.605008 0.233135 0.161858
0 0.636153 0.034847 0.329
1 0.260039 0.377049 0.362911
0 0.478009 0.0645775 0.457413
1 0.43085 0.442185 0.126965
0 0.44632 0.120551 0.43313
0 0.386586 0.319789 0.293625
0 0.510352 0.118929 0.370719
-1 0.166575 0.114837 0.718588
0 0.457947 0.322242 0.219811
-1 0.391801 0.186641 0.421558
1 0.108283 0.486051 0.405665
0 0.507718 0.0838645 0.408418
0 0.774059 0.132744 0.093197
0 0.499705 0.338176 0.162119
0 0.57236 0.196459 0.23118
0 0.449181 0.222365 0.328454
-1 0.289864 0.222149 0.487987
-1 0.125941 0.351538 0.522521
-1 0.289408 0.236734 0.473858
0 0.39126 0.377725 0.231015
0 0.592162 0.188919 0.218919
0 0.763681 0.116626 0.119693
0 0.527436 0.25325 0.219314
0 0.504763 0.118766 0.376471
-1 0.166458 0.240417 0.593125
0 0.486849 0.116042 0.39711
1 0.0856494 0.51779 0.39656
1 0.266544 0.480426 0.25303
0 0.41638 0.334388 0.249232
1 0.394373 0.407929 0.197698
0 0.763003 0.126904 0.110093
0 0.596775 0.241367 0.161859
0 0.528456 0.186135 0.285409
-1 0.359055 0.177778 0.463167
0 0.65862 0.201333 0.140048
-1 0.182505 0.32163 0.495865
-1 0.258379 0.236607 0.505013
0 0.462582 0.208967 0.328451
-1 0.383385 0.178461 0.438154
0 0.774211 0.169251 0.0565382
0 0.443775 0.129954 0.426271
1 0.278981 0.524968 0.196051
0 0.588074 0.178527 0.233399
-1 0.228178 0.17894 0.592882
1 0.332294 0.341066 0.32664
0 0.425988 0.342537 0.231475
1 0.220421 0.483591 0.295988
1 0.380535 0.509782 0.109682
0 0.810137 0.0552386 0.134625
0 0.513166 0.334561 0.152273
0 0.770303 0.0664608 0.163236
0 0.499904 0.205766 0.29433
0 0.73662 0.0743381 0.189042
0 0.476205 0.0687167 0.455079
1 0.236771 0.480216 0.283013
-1 0.379814 0.133944 0.486242
1 0.314367 0.374676 0.310957
0 0.529741 0.158784 0.311475
1 0.285256 0.435027 0.279717
-1 0.169632 0.347564 0.482803
0 0.571356 0.242476 0.186168
0 0.542583 0.341903 0.115514
1 0.269349 0.501945 0.228706
1 0.19975 0.688666 0.111584
-1 0.0575571 0.0590194 0.883424
1 0.328956 0.512001 0.159043
-1 0.181457 0.107343 0.7112
-1 0.0704486 0.429561 0.499991
1 0.284669 0.530332 0.184999
-1 0.326758 0.14328 0.529961
1 0.193328 0.496937 0.309735
0 0.591878 0.0855299 0.322593
0 0.569844 0.308364 0.121792
0 0.423717 0.1659 0.410383
0 0.578358 0.266121 0.155521
0 0.58213 0.218507 0.199364
0 0.389343 0.370022 0.240635
0 0.535927 0.269976 0.194097
0 0.608288 0.17612 0.215593
1 0.30806 0.35405 0.33789
1 0.332656 0.421623 0.24572
0 0.574299 0.227237 0.198464
0 0.743007 0.171409 0.0855838
0 0.849367 0.114361 0.0362716
0 0.715881 0.134735 0.149384
0 0.65311 0.182788 0.164102
0 0.711013 0.129502 0.159485
0 0.844461 0.0542083 0.101331
0 0.533342 0.232984 0.233674
-1 0.295886 0.157742 0.546371
-1 0.256406 0.301344 0.442249
-1 0.282932 0.29185 0.425218
-1 0.370946 0.163981 0.465072
0 0.411038 0.339531 0.249431
0 0.423475 0.247646 0.328879
1 0.157273 0.525137 0.31759
0 0.540627 0.238515 0.220859
1 0.382811 0.477353 0.139836
0 0.449656 0.198401 0.351943
