labels 0 1 -1
0 0.601134 0.165718 0.233149
0 0.510964 0.255832 0.233204
1 0.308086 0.485062 0.206852
-1 0.112238 0.0901923 0.79757
-1 0.264777 0.341317 0.393906
1 0.126477 0.568379 0.305144
1 0.101335 0.478174 0.420491
1 0.0868113 0.526561 0.386628
-1 0.143432 0.0834709 0.773097
1 0.0451526 0.526049 0.428799
-1 0.0524143 0.456756 0.49083
1 0.171449 0.623039 0.205512
-1 0.133368 0.280165 0.586467
0 0.449581 0.216903 0.333516
-1 0.264354 0.275246 0.4604
-1 0.244878 0.376696 0.378425
0 0.386326 0.243592 0.370082
0 0.559183 0.110116 0.3307
0 0.76906 0.192553 0.0383873
-1 0.293818 0.225925 0.480257
0 0.808631 0.142459 0.0489099
0 0.580818 0.250335 0.168847
0 0.858988 0.0452736 0.0957388
0 0.662919 0.174106 0.162975
-1 0.20775 0.152001 0.640249
-1 0.262174 0.245198 0.492628
0 0.631132 0.299446 0.0694223
0 0.79948 0.0808035 0.119716
0 0.939048 0.0438827 0.0170695
0 0.659493 0.233979 0.106529
0 0.912222 0.0240781 0.0637001
0 0.854749 0.0330785 0.112172
0 0.976148 0.0155512 0.00830051
0 0.716575 0.238977 0.044448
0 0.963988 0.0258368 0.0101757
0 0.918076 0.0536661 0.0282582
0 0.982651 0.008901 0.00844833
0 0.987145 0.00712654 0.00572883
0 0.923712 0.0594468 0.0168416
0 0.973732 0.00313583 0.0231323
0 0.810971 0.120046 0.0689828
0 0.962813 0.0109404 0.0262461
0 0.930581 0.0183246 0.0510949
0 0.963831 0.00770799 0.0284613
0 0.900864 0.0617595 0.0373764
0 0.643356 0.0378784 0.318765
0 0.583593 0.0636405 0.352766
0 0.58232 0.0450538 0.372626
0 0.883137 0.0248211 0.092042
0 0.964911 0.0127173 0.0223716
0 0.975207 0.00906799 0.0157249
0 0.957216 0.0117 0.0310838
0 0.981918 0.00420129 0.0138802
0 0.796447 0.122281 0.0812722
0 0.73297 0.01259 0.25444
0 0.852716 0.0468918 0.100392
0 0.630457 0.182988 0.186555
0 0.842932 0.0401918 0.116876
-1 0.233035 0.0350553 0.73191
-1 0.44435 0.0595401 0.49611
-1 0.100408 0.0407135 0.858879
0 0.694345 0.0320854 0.27357
1 0.344576 0.408288 0.247136
-1 0.236194 0.0159872 0.747819
0 0.920882 0.0459317 0.0331864
0 0.821532 0.0844691 0.0939989
0 0.672269 0.0729371 0.254794
0 0.819613 0.0131551 0.167232
0 0.598579 0.153764 0.247657
0 0.596131 0.203098 0.200771
-1 0.289884 0.089429 0.620687
-1 0.361104 0.0746192 0.564277
0 0.509154 0.178457 0.312389
0 0.827311 0.127846 0.0448433
1 0.378767 0.380658 0.240575
-1 0.305324 0.0919479 0.602728
0 0.511057 0.380075 0.108869
-1 0.189167 0.126128 0.684705
1 0.279609 0.398853 0.321538
-1 0.315192 0.236915 0.447893
-1 0.229838 0.317642 0.45252
-1 0.282298 0.18872 0.528982
1 0.13917 0.465196 0.395634
-1 0.110195 0.30776 0.582045
-1 0.107302 0.439177 0.453521
1 0.163957 0.472819 0.363224
1 0.129815 0.681301 0.188884
-1 0.236387 0.331204 0.432409
1 0.266072 0.442983 0.290945
-1 0.124089 0.262126 0.613785
-1 0.321213 0.338226 0.340561
-1 0.263428 0.210387 0.526185
1 0.110409 0.735805 0.153785
0 0.659164 0.231277 0.10956
0 0.716505 0.160821 0.122674
0 0.637959 0.299154 0.0628869
0 0.674296 0.17775 0.147955
0 0.825285 0.127044 0.0476711
0 0.897191 0.0825604 0.020249
0 0.660187 0.299009 0.0408039
0 0.830191 0.0863087 0.0835001
0 0.612205 0.200011 0.187784
0 0.887249 0.0891239 0.0236266
0 0.861752 0.110805 0.0274435
0 0.935148 0.0530085 0.0118438
0 0.742441 0.146154 0.111405
0 0.723424 0.0813326 0.195244
0 0.79211 0.0879816 0.119908
0 0.388776 0.27705 0.334173
0 0.957543 0.0327138 0.00974338
0 0.677314 0.165267 0.157419
0 0.884739 0.0985622 0.0166991
0 0.980932 0.00567832 0.0133898
0 0.782222 0.0402477 0.17753
0 0.917472 0.0304291 0.0520987
0 0.401831 0.387578 0.210592
0 0.565074 0.0399969 0.394929
0 0.642215 0.246377 0.111408
0 0.634791 0.128559 0.23665
-1 0.304634 0.257657 0.437709
0 0.503981 0.112074 0.383945
0 0.638892 0.0316252 0.329483
0 0.601048 0.0906888 0.308263
0 0.749113 0.089243 0.161644
0 0.962203 0.0247632 0.0130342
0 0.96564 0.0235673 0.0107925
0 0.99332 0.00527909 0.00140118
0 0.954052 0.00883961 0.0371088
0 0.961617 0.0102098 0.0281731
0 0.986198 0.00828091 0.00552108
0 0.870125 0.0246052 0.105269
0 0.964639 0.0036697 0.0316915
0 0.951978 0.0150885 0.0329336
0 0.951224 0.0172631 0.0315129
0 0.8179 0.0139864 0.168114
0 0.90663 0.0125137 0.0808565
0 0.597928 0.01399 0.388082
0 0.973398 0.00792232 0.01868
0 0.544011 0.0191953 0.436794
0 0.968903 0.00864015 0.0224564
0 0.68235 0.00942595 0.308224
0 0.857984 0.100717 0.0412985
0 0.925597 0.00877742 0.0656259
0 0.960473 0.0185306 0.0209966
0 0.949445 0.0411453 0.00940925
0 0.99035 0.000330714 0.00931896
0 0.962041 0.0230825 0.0148769
0 0.988416 0.000311816 0.0112719
0 0.958006 0.0350735 0.00692027
0 0.797502 0.0253237 0.177175
0 0.9878 0.00526627 0.00693397
0 0.89894 0.0245975 0.0764629
0 0.852606 0.0197831 0.12761
0 0.839043 0.0461146 0.114842
0 0.928155 0.0116512 0.0601936
0 0.757573 0.0372949 0.205132
0 0.754737 0.138008 0.107256
0 0.989587 0.00173838 0.00867453
0 0.922104 0.0335138 0.044382
0 0.946508 0.016331 0.0371611
0 0.650648 0.0710434 0.278309
0 0.645069 0.103265 0.251666
-1 0.152697 0.112714 0.734589
-1 0.230095 0.0506358 0.719269
0 0.513544 0.237382 0.249074
0 0.874312 0.0176032 0.108085
0 0.92535 0.0503649 0.0242847
0 0.83638 0.0924763 0.0711438
0 0.946315 0.0116413 0.0420439
0 0.826797 0.131685 0.0415181
0 0.978947 0.0110206 0.0100327
0 0.548144 0.397507 0.0543487
0 0.898101 0.0661159 0.0357831
0 0.740002 0.196204 0.0637938
0 0.738288 0.172783 0.0889288
0 0.86252 0.0612673 0.0762123
0 0.900276 0.0529985 0.0467257
0 0.76728 0.0430126 0.189708
0 0.764009 0.074304 0.161687
0 0.969519 0.013392 0.0170894
0 0.765384 0.114519 0.120097
0 0.752979 0.195976 0.0510448
0 0.842581 0.069182 0.0882372
0 0.856018 0.0619645 0.0820179
0 0.905103 0.085294 0.00960312
0 0.752198 0.00929881 0.238504
0 0.781155 0.121471 0.0973741
0 0.991862 0.00200294 0.00613501
-1 0.484868 0.0146418 0.50049
0 0.888998 0.0724852 0.0385169
0 0.747567 0.180534 0.0718994
0 0.737492 0.0713213 0.191186
0 0.784422 0.0509362 0.164642
0 0.955638 0.00456308 0.0397984
0 0.61377 0.116982 0.269248
0 0.788913 0.0302437 0.180843
0 0.832541 0.0472164 0.120243
0 0.752264 0.0317611 0.215975
0 0.601731 0.0400601 0.358208
-1 0.397369 0.0682843 0.534346
0 0.6717 0.0263512 0.301949
0 0.548486 0.102358 0.349156
-1 0.318368 0.227364 0.454268
0 0.533012 0.168103 0.298885
-1 0.211133 0.2058 0.583067
0 0.53367 0.131067 0.335264
0 0.513535 0.226865 0.2596
0 0.481546 0.115739 0.402715
0 0.544529 0.159333 0.296139
-1 0.221585 0.0234063 0.755009
1 0.186059 0.499097 0.314844
-1 0.222381 0.147928 0.629691
-1 0.189685 0.258856 0.551459
1 0.238391 0.433308 0.328301
0 0.678382 0.041832 0.279786
-1 0.149943 0.424116 0.425942
0 0.914182 0.0143577 0.0714603
0 0.761089 0.138783 0.100129
0 0.750726 0.069515 0.179759
0 0.779769 0.109642 0.110589
0 0.743406 0.133999 0.122595
0 0.658432 0.239573 0.101995
0 0.716139 0.168606 0.115255
0 0.739088 0.129703 0.131209
-1 0.197875 0.142585 0.65954
1 0.144398 0.552093 0.30351
-1 0.243655 0.26247 0.493875
0 0.568653 0.234085 0.197262
0 0.891176 0.0946448 0.0141791
0 0.737644 0.0613924 0.200963
0 0.870694 0.0597836 0.0695227
0 0.787107 0.1265 0.0863932
0 0.911775 0.0154448 0.0727802
-1 0.349935 0.224852 0.425213
0 0.79228 0.0818629 0.125857
0 0.522957 0.229361 0.247682
0 0.389622 0.286918 0.32346
-1 0.220824 0.192183 0.586993
1 0.379561 0.402366 0.218073
-1 0.124378 0.427198 0.448423
1 0.139674 0.440209 0.420117
1 0.117042 0.467174 0.415784
1 0.38747 0.427522 0.185008
-1 0.246185 0.245879 0.507936
