labels 0 1 -1 2
1 0.226916 0.428275 0.343608 0.00120126
1 0.127406 0.477587 0.387779 0.00722803
1 0.103152 0.680936 0.214594 0.00131804
-1 0.153611 0.401479 0.410295 0.0346156
1 0.194373 0.543625 0.257608 0.00439507
1 0.148727 0.603389 0.24044 0.0074438
1 0.128421 0.443081 0.424059 0.00443873
1 0.112977 0.498558 0.387209 0.00125625
1 0.180056 0.420649 0.395681 0.00361426
1 0.128587 0.490907 0.373673 0.0068328
1 0.101335 0.485965 0.410834 0.00186646
1 0.128151 0.492243 0.376331 0.00327468
1 0.0818047 0.498456 0.390776 0.0289634
-1 0.0374294 0.471442 0.490906 0.000223155
1 0.110807 0.586325 0.300697 0.00217079
1 0.166903 0.441185 0.390855 0.00105748
1 0.242352 0.489583 0.257046 0.0110195
1 0.144832 0.474209 0.380067 0.000892097
1 0.226565 0.447843 0.323196 0.00239577
1 0.236063 0.441701 0.319888 0.00234849
0 0.473296 0.282226 0.238557 0.00592107
1 0.144523 0.432204 0.419821 0.00345277
-1 0.303286 0.280747 0.411476 0.004491
1 0.140988 0.46815 0.388034 0.00282854
-1 0.169079 0.39325 0.4332 0.00447199
1 0.163119 0.479939 0.354174 0.00276699
1 0.322481 0.431313 0.24074 0.0054657
-1 0.115722 0.425118 0.457668 0.00149206
0 0.437424 0.26921 0.288207 0.00515866
-1 0.271533 0.340587 0.382479 0.00540136
-1 0.364699 0.244203 0.381242 0.00985604
0 0.355496 0.286765 0.351628 0.00611092
1 0.317768 0.348984 0.328665 0.00458371
0 0.4054 0.334179 0.256434 0.00398659
0 0.392722 0.387896 0.208936 0.010446
0 0.404008 0.34402 0.246156 0.00581585
0 0.495612 0.208288 0.290092 0.00600766
0 0.485378 0.218655 0.288555 0.00741261
0 0.48652 0.236686 0.268551 0.00824329
0 0.474063 0.218192 0.30059 0.00715592
0 0.438005 0.189814 0.359808 0.0123731
0 0.562754 0.187069 0.240933 0.00924321
0 0.689949 0.169001 0.133114 0.00793549
1 0.336006 0.381251 0.272678 0.0100644
-1 0.314255 0.299763 0.380472 0.00551088
-1 0.196055 0.274089 0.5223 0.00755653
0 0.398471 0.263178 0.332174 0.00617696
0 0.449765 0.199373 0.338725 0.012137
0 0.37868 0.293417 0.315098 0.0128047
0 0.343117 0.312465 0.335048 0.00937026
0 0.469239 0.238631 0.287266 0.00486448
-1 0.281648 0.339579 0.367291 0.0114812
0 0.406667 0.311485 0.277474 0.00437319
-1 0.211702 0.388887 0.396594 0.00281691
-1 0.215414 0.354887 0.427236 0.0024633
-1 0.208617 0.387279 0.401628 0.0024764
0 0.438652 0.367086 0.188626 0.00563537
0 0.36085 0.325722 0.308069 0.00535885
1 0.0792977 0.554251 0.355578 0.0108735
-1 0.120351 0.385362 0.489987 0.00430024
-1 0.16593 0.401389 0.426892 0.00578933
1 0.189315 0.415283 0.393306 0.00209501
1 0.130532 0.449246 0.418864 0.00135791
1 0.132628 0.45817 0.408291 0.000911902
0 0.391578 0.350503 0.253565 0.00435309
-1 0.248963 0.360251 0.378267 0.0125187
0 0.390115 0.357901 0.24648 0.00550448
-1 0.186185 0.392817 0.418199 0.00279871
-1 0.367108 0.260482 0.369336 0.00307407
1 0.111611 0.518399 0.368136 0.0018541
1 0.0673765 0.580805 0.348024 0.00379406
-1 0.0805337 0.427709 0.489224 0.00253348
1 0.150586 0.439751 0.408163 0.00150006
1 0.302948 0.375046 0.318826 0.00318008
1 0.198396 0.462547 0.336625 0.00243153
-1 0.235307 0.364266 0.399485 0.000942603
1 0.128371 0.515384 0.355207 0.00103886
-1 0.182518 0.363139 0.450134 0.00420828
1 0.159353 0.480933 0.35678 0.002934
1 0.142442 0.518985 0.337789 0.00078412
1 0.148543 0.431197 0.418727 0.00153258
1 0.157281 0.421279 0.420199 0.00124011
1 0.154182 0.444932 0.394072 0.00681403
1 0.113783 0.499961 0.384586 0.00167014
1 0.126777 0.480088 0.392706 0.000429639
1 0.155356 0.429806 0.409855 0.00498323
1 0.137101 0.561009 0.29974 0.00215099
1 0.208504 0.457678 0.331405 0.00241282
1 0.0689471 0.526558 0.402914 0.00158103
1 0.0883319 0.513094 0.397286 0.00128745
1 0.153598 0.500154 0.345667 0.000581095
1 0.305793 0.375413 0.172916 0.145878
1 0.10284 0.47879 0.417433 0.000937487
0 0.37931 0.255412 0.362156 0.00312173
-1 0.344824 0.302653 0.349212 0.00331012
1 0.325489 0.420665 0.247435 0.0064119
0 0.507355 0.250052 0.238062 0.0045308
1 0.34648 0.358713 0.291359 0.003448
0 0.402499 0.338863 0.253565 0.00507258
0 0.384731 0.304534 0.306984 0.00375059
1 0.339656 0.348827 0.307721 0.00379611
-1 0.261385 0.280807 0.451259 0.00654941
0 0.751999 0.0857853 0.150586 0.0116288
0 0.627205 0.198524 0.165146 0.00912503
0 0.705277 0.188546 0.0991089 0.00706827
-1 0.18976 0.378597 0.419457 0.0121863
1 0.340908 0.407238 0.243702 0.00815155
-1 0.190836 0.364422 0.439283 0.00545864
-1 0.10487 0.426427 0.466475 0.00222856
1 0.201189 0.585799 0.209123 0.00388908
-1 0.28621 0.331442 0.380196 0.00215268
1 0.239591 0.454612 0.302591 0.00320484
1 0.310832 0.394607 0.291579 0.00298262
1 0.210233 0.442328 0.345529 0.0019095
0 0.354581 0.353763 0.260358 0.0312976
1 0.0934611 0.68341 0.220748 0.00238112
-1 0.236078 0.272831 0.445616 0.0454753
1 0.173964 0.477609 0.346457 0.00197091
1 0.345614 0.373051 0.278127 0.0032077
0 0.438472 0.312551 0.243194 0.0057828
-1 0.396492 0.199361 0.400149 0.00399751
-1 0.324413 0.321031 0.349071 0.00548499
1 0.20429 0.430673 0.361238 0.0037994
1 0.189988 0.438654 0.370001 0.00135695
0 0.478865 0.320731 0.188789 0.0116149
0 0.434058 0.255398 0.307052 0.00349204
0 0.39624 0.309166 0.289618 0.0049753
1 0.305299 0.352514 0.337765 0.00442196
0 0.446196 0.323032 0.224261 0.00651129
0 0.472495 0.2851 0.235883 0.006522
0 0.49041 0.263847 0.240143 0.00559989
-1 0.278875 0.321808 0.394576 0.00474095
-1 0.248454 0.319212 0.423817 0.00851702
-1 0.231766 0.339261 0.423315 0.00565839
-1 0.319306 0.292473 0.382966 0.00525552
1 0.180247 0.514509 0.298804 0.00643935
-1 0.346611 0.276961 0.370789 0.00563821
1 0.294232 0.368438 0.329825 0.00750413
1 0.207832 0.397706 0.391298 0.00316383
0 0.582438 0.264372 0.146395 0.00679557
-1 0.268995 0.350552 0.372359 0.0080934
-1 0.204977 0.350054 0.438889 0.00607952
1 0.305799 0.352077 0.336989 0.00513523
0 0.491801 0.289808 0.209519 0.00887228
1 0.326356 0.358247 0.305268 0.0101284
0 0.409912 0.248576 0.337109 0.00440371
0 0.62758 0.162132 0.20152 0.00876794
1 0.304155 0.35654 0.334609 0.00469645
0 0.411087 0.28226 0.296112 0.0105406
0 0.492083 0.251857 0.250115 0.0059449
0 0.383584 0.241325 0.369102 0.00598914
1 0.251551 0.380164 0.361493 0.00679239
-1 0.155748 0.309852 0.530331 0.00406849
-1 0.251812 0.315352 0.429626 0.00320997
1 0.123583 0.547451 0.325102 0.0038642
1 0.209766 0.402617 0.375737 0.0118797
-1 0.15538 0.384202 0.458796 0.00162245
0 0.46156 0.331984 0.201225 0.00523087
1 0.208103 0.402464 0.383192 0.00624053
1 0.341322 0.357802 0.298196 0.00268053
1 0.207661 0.445297 0.345788 0.00125363
1 0.207559 0.427495 0.361299 0.00364708
1 0.158158 0.495948 0.343007 0.00288754
1 0.147237 0.456472 0.395241 0.00105033
0 0.53394 0.263728 0.197593 0.0047392
1 0.317638 0.428558 0.227384 0.0264192
0 0.758109 0.0881425 0.144293 0.00945523
0 0.455941 0.205315 0.333674 0.00506956
1 0.249529 0.383037 0.360933 0.0065015
1 0.0468435 0.499145 0.44708 0.00693156
-1 0.305787 0.271648 0.417172 0.0053934
1 0.283078 0.388679 0.32622 0.00202226
1 0.155593 0.596608 0.244525 0.00327373
0 0.45626 0.330933 0.184535 0.0282721
-1 0.198673 0.393377 0.396021 0.0119293
0 0.430093 0.19863 0.365172 0.00610506
0 0.449286 0.231345 0.313931 0.00543844
1 0.222471 0.406959 0.366127 0.00444261
1 0.200211 0.409236 0.388615 0.00193738
0 0.49981 0.272093 0.22529 0.00280723
1 0.181804 0.455291 0.359072 0.00383259
-1 0.292188 0.311655 0.392383 0.00377313
0 0.36248 0.326311 0.304652 0.00655737
-1 0.247336 0.332805 0.417181 0.00267766
0 0.477709 0.295498 0.223564 0.0032299
1 0.18877 0.416869 0.391366 0.00299458
0 0.530082 0.233053 0.23051 0.0063556
1 0.238265 0.431485 0.325308 0.00494223
1 0.207728 0.430716 0.352853 0.00870226
1 0.26833 0.383104 0.347069 0.0014972
0 0.456668 0.343174 0.196517 0.00364098
1 0.294041 0.479492 0.223642 0.00282469
1 0.329825 0.43132 0.228857 0.0099981
-1 0.296688 0.311113 0.387724 0.00447565
0 0.581457 0.179562 0.234718 0.00426356
0 0.476009 0.289349 0.228968 0.00567362
0 0.507154 0.275791 0.212857 0.00419811
-1 0.285895 0.330889 0.37901 0.0042062
0 0.402203 0.324907 0.269489 0.00340006
1 0.192159 0.402621 0.402552 0.00266778
1 0.350746 0.351737 0.289807 0.00770957
1 0.231143 0.408653 0.356345 0.00385911
-1 0.217575 0.358854 0.422375 0.00119675
1 0.164632 0.507034 0.326837 0.00149638
-1 0.141982 0.375524 0.480986 0.00150808
0 0.382047 0.270132 0.331379 0.0164419
0 0.404817 0.326112 0.265382 0.00368985
0 0.42255 0.346478 0.217978 0.0129948
1 0.339255 0.449091 0.209552 0.00210114
-1 0.274353 0.25313 0.277569 0.194948
1 0.230002 0.461228 0.30684 0.00193007
1 0.16941 0.422968 0.406163 0.00145826
1 0.158709 0.432361 0.408208 0.000721622
1 0.161423 0.438578 0.399299 0.000699926
1 0.190069 0.421002 0.387894 0.00103433
1 0.231184 0.408793 0.358904 0.00111921
0 0.416838 0.360804 0.218055 0.00430332
1 0.283677 0.405642 0.306724 0.00395685
1 0.234579 0.395983 0.367632 0.00180605
0 0.428597 0.25879 0.309377 0.00323599
0 0.600865 0.230913 0.164023 0.00419849
1 0.299055 0.394656 0.303264 0.00302456
0 0.490206 0.311576 0.194804 0.00341407
0 0.462143 0.326147 0.207575 0.00413561
-1 0.247904 0.357372 0.389116 0.00560824
1 0.291302 0.365592 0.340898 0.00220758
0 0.478751 0.287582 0.22825 0.00541735
0 0.366831 0.359391 0.267876 0.00590159
0 0.734412 0.179686 0.0813587 0.00454265
0 0.477949 0.33469 0.180588 0.00677295
0 0.682798 0.147845 0.161996 0.00736158
1 0.306424 0.397314 0.292553 0.00370905
0 0.494515 0.24273 0.258445 0.00430978
0 0.563117 0.208178 0.221546 0.00715839
1 0.298739 0.37632 0.321967 0.00297375
-1 0.322718 0.28121 0.393313 0.00275938
1 0.227146 0.46805 0.301745 0.00305869
-1 0.250594 0.323474 0.423229 0.00270299
1 0.239342 0.397111 0.36233 0.0012162
1 0.185739 0.408073 0.404859 0.00132875
-1 0.231228 0.359098 0.4036 0.00607434
-1 0.198072 0.355065 0.446164 0.000699133
0 0.449483 0.288359 0.258112 0.00404554
1 0.298114 0.399361 0.297358 0.00516739
