labels 1 0 -1
-1 0.477103 0.0210167 0.50188
-1 0.453198 0.0282683 0.518533
-1 0.472378 0.0181757 0.509447
-1 0.479353 0.0115607 0.509087
1 0.497006 0.0277658 0.475229
1 0.515978 0.00715165 0.476871
1 0.514627 0.0170167 0.468356
1 0.520975 0.0101503 0.468875
-1 0.475278 0.00860595 0.516117
-1 0.452993 0.0101618 0.536845
-1 0.451834 0.0119517 0.536214
-1 0.431402 0.0165668 0.552031
-1 0.436002 0.0124028 0.551595
-1 0.443417 0.00999883 0.546584
-1 0.449017 0.0151336 0.535849
-1 0.475699 0.00801355 0.516287
-1 0.484413 0.0210295 0.494558
1 0.491024 0.0219818 0.486995
1 0.512601 0.0146349 0.472764
1 0.500422 0.0168053 0.482772
1 0.525682 0.00537317 0.468945
-1 0.49197 0.0122515 0.495779
1 0.501648 0.0257101 0.472642
1 0.490157 0.0236105 0.486232
-1 0.478557 0.0358539 0.485589
1 0.518942 0.0155292 0.465529
1 0.531517 0.038178 0.430305
1 0.52787 0.0214328 0.450698
1 0.526615 0.0251443 0.448241
1 0.505761 0.0174435 0.476795
1 0.480959 0.0471208 0.47192
1 0.482995 0.0452728 0.471732
1 0.486265 0.0440557 0.469679
1 0.511364 0.0208983 0.467738
1 0.520293 0.025971 0.453736
1 0.510358 0.0203674 0.469275
1 0.50082 0.0242735 0.474906
1 0.482316 0.0710105 0.446673
1 0.476047 0.0565161 0.467436
1 0.437774 0.139599 0.422627
1 0.477844 0.0485515 0.473604
1 0.475659 0.0611257 0.463216
1 0.475851 0.0523897 0.471759
1 0.514453 0.0287795 0.456767
1 0.513375 0.0357197 0.450905
1 0.492631 0.0372231 0.470146
-1 0.472739 0.0512127 0.476048
1 0.498165 0.02529 0.476545
1 0.48295 0.0424164 0.474633
1 0.482477 0.0423581 0.475165
-1 0.388702 0.183055 0.428243
-1 0.427802 0.138283 0.433915
1 0.456552 0.0989398 0.444509
1 0.495246 0.0418166 0.462937
1 0.459575 0.0954611 0.444964
1 0.480112 0.081705 0.438183
1 0.50876 0.0259885 0.465251
1 0.493835 0.0241879 0.481977
-1 0.485203 0.0221108 0.492686
-1 0.447751 0.0669055 0.485344
-1 0.459788 0.0305358 0.509676
-1 0.470513 0.0374032 0.492084
-1 0.466658 0.0258465 0.507496
-1 0.450588 0.0226222 0.526789
-1 0.425109 0.0469053 0.527985
-1 0.404268 0.0374169 0.558315
-1 0.381295 0.0653737 0.553331
-1 0.359609 0.104219 0.536172
-1 0.381639 0.0858161 0.532544
-1 0.436637 0.0392863 0.524076
-1 0.466808 0.0283152 0.504877
1 0.496419 0.0255427 0.478038
1 0.493894 0.0837297 0.422376
1 0.48869 0.0694188 0.441891
1 0.486868 0.0963938 0.416739
1 0.495379 0.0182466 0.486375
-1 0.480062 0.0385531 0.481385
-1 0.487339 0.0176006 0.495061
1 0.513336 0.0276664 0.458997
1 0.522237 0.0140369 0.463726
1 0.521166 0.00852295 0.470311
1 0.518875 0.00990767 0.471218
1 0.499568 0.00883838 0.491594
-1 0.465488 0.0167865 0.517725
-1 0.440906 0.0125676 0.546526
-1 0.43458 0.0145903 0.55083
-1 0.441198 0.0128341 0.545968
-1 0.460775 0.0133566 0.525868
-1 0.480091 0.00914891 0.51076
-1 0.488909 0.0126448 0.498446
-1 0.491537 0.0127924 0.49567
1 0.504756 0.0282887 0.466956
1 0.510835 0.0175553 0.47161
1 0.515455 0.0291011 0.455443
1 0.536237 0.0150014 0.448761
1 0.549219 0.0301938 0.420587
1 0.550836 0.0265654 0.422599
1 0.545217 0.0699899 0.384793
1 0.554531 0.0641105 0.381359
1 0.569912 0.0638819 0.366206
1 0.586274 0.0376239 0.376102
1 0.543153 0.0976493 0.359198
1 0.547679 0.0846554 0.367666
1 0.550125 0.059137 0.390738
1 0.53999 0.0673386 0.392672
1 0.563563 0.0263278 0.410109
1 0.550205 0.0224959 0.427299
1 0.512489 0.0705391 0.416972
1 0.562386 0.0152256 0.422389
1 0.546146 0.0215795 0.432274
1 0.542574 0.0257854 0.431641
1 0.5239 0.0242961 0.451804
-1 0.478993 0.0344833 0.486523
-1 0.475384 0.0261143 0.498502
-1 0.466421 0.0501716 0.483408
-1 0.469946 0.0338403 0.496214
1 0.478218 0.053943 0.467839
1 0.496596 0.0397146 0.463689
1 0.49194 0.0682876 0.439772
1 0.482771 0.0715888 0.44564
1 0.451364 0.12112 0.427516
1 0.414258 0.222243 0.363498
-1 0.356369 0.220813 0.422818
-1 0.307843 0.280771 0.411386
-1 0.328462 0.304596 0.366942
1 0.455155 0.0928084 0.452036
-1 0.325377 0.269864 0.404759
1 0.394724 0.331426 0.27385
1 0.442512 0.275639 0.281849
1 0.414007 0.223376 0.362617
1 0.453947 0.0960871 0.449966
1 0.473077 0.0811921 0.44573
-1 0.460548 0.0685349 0.470917
1 0.491837 0.0360795 0.472084
-1 0.461433 0.0591198 0.479447
-1 0.473505 0.0465753 0.479919
-1 0.458328 0.0382245 0.503447
-1 0.473457 0.0214533 0.505089
-1 0.466543 0.0473375 0.48612
-1 0.467106 0.0503927 0.482502
1 0.476397 0.0567678 0.466836
1 0.487273 0.0566532 0.456074
1 0.469929 0.10399 0.426081
1 0.499764 0.109401 0.390836
1 0.504433 0.0743255 0.421242
1 0.468264 0.123055 0.408681
1 0.460911 0.281889 0.2572
1 0.439868 0.271275 0.288857
1 0.437271 0.246826 0.315904
1 0.471405 0.061682 0.466913
1 0.425366 0.189224 0.38541
1 0.445407 0.121248 0.433345
1 0.471386 0.104364 0.42425
1 0.484804 0.0398299 0.475366
1 0.462819 0.101526 0.435655
-1 0.45443 0.0365756 0.508994
-1 0.445893 0.0413828 0.512724
-1 0.433846 0.0307894 0.535365
-1 0.417701 0.0196749 0.562624
-1 0.404323 0.0262424 0.569434
-1 0.396041 0.029244 0.574715
-1 0.417607 0.0460696 0.536323
-1 0.439084 0.0332368 0.527679
-1 0.462937 0.0622913 0.474771
1 0.522086 0.0318554 0.446058
1 0.503849 0.103763 0.392388
1 0.489642 0.119754 0.390604
1 0.468376 0.115623 0.416001
1 0.408946 0.287209 0.303844
1 0.365046 0.279223 0.355731
1 0.418083 0.176198 0.405719
1 0.450981 0.136022 0.412997
1 0.501752 0.0616937 0.436555
1 0.504156 0.023257 0.472587
1 0.496501 0.0271839 0.476315
1 0.45856 0.0899849 0.451455
-1 0.394595 0.127569 0.477837
-1 0.419946 0.130378 0.449676
-1 0.41348 0.112652 0.473868
-1 0.47021 0.0419315 0.487858
1 0.482235 0.0521596 0.465606
1 0.520215 0.0563665 0.423418
1 0.530844 0.033879 0.435277
1 0.517216 0.0757637 0.40702
1 0.487057 0.0767986 0.436145
-1 0.428827 0.121709 0.449464
1 0.49015 0.0499148 0.459935
-1 0.44544 0.0874749 0.467085
-1 0.462479 0.0565095 0.481011
1 0.485379 0.0333601 0.481261
1 0.475873 0.0511551 0.472972
1 0.487469 0.0467513 0.46578
1 0.484632 0.0421007 0.473267
-1 0.454272 0.0595736 0.486154
-1 0.43707 0.0960088 0.466922
-1 0.44576 0.0562106 0.498029
-1 0.427283 0.0771611 0.495556
-1 0.461306 0.0312904 0.507404
-1 0.439155 0.0849854 0.475859
-1 0.482273 0.0238754 0.493852
1 0.485265 0.0406622 0.474073
1 0.468432 0.0717301 0.459838
1 0.501224 0.0480129 0.450763
1 0.487182 0.0921042 0.420714
1 0.502453 0.0277111 0.469836
1 0.500318 0.028779 0.470903
1 0.47775 0.0455929 0.476657
-1 0.479499 0.0331447 0.487356
-1 0.451914 0.062172 0.485914
-1 0.460748 0.0243041 0.514948
-1 0.471622 0.0260538 0.502324
-1 0.476674 0.0221462 0.50118
1 0.483132 0.0356635 0.481205
1 0.50489 0.012217 0.482893
-1 0.474682 0.0455032 0.479815
-1 0.472539 0.0339793 0.493481
-1 0.45408 0.0873403 0.45858
-1 0.464855 0.031109 0.504036
-1 0.485503 0.0262524 0.488245
-1 0.482197 0.0308572 0.486946
1 0.51003 0.0399026 0.450067
1 0.54315 0.0267376 0.430112
1 0.553966 0.0251911 0.420843
1 0.581746 0.0408346 0.37742
1 0.581897 0.0203609 0.397742
1 0.580173 0.0225254 0.397302
1 0.582871 0.0200134 0.397116
1 0.568047 0.0264558 0.405497
1 0.556688 0.0352146 0.408097
1 0.509497 0.0668128 0.42369
1 0.495968 0.111957 0.392075
1 0.468084 0.1286 0.403316
1 0.496925 0.0807956 0.42228
1 0.495989 0.113896 0.390115
1 0.524611 0.1109 0.364488
1 0.49061 0.135992 0.373399
1 0.5656 0.0949138 0.339486
1 0.596511 0.0361214 0.367367
1 0.603135 0.014646 0.382219
1 0.576144 0.0327822 0.391073
1 0.557335 0.0211989 0.421466
1 0.54344 0.0160944 0.440465
1 0.493727 0.0278783 0.478395
1 0.491429 0.0196273 0.488944
