labels 1 -1 0
-1 0.491457 0.496476 0.0120672
-1 0.487665 0.504096 0.00823887
-1 0.497139 0.497727 0.00513424
-1 0.486816 0.509433 0.00375172
-1 0.483498 0.508757 0.00774513
-1 0.490254 0.505748 0.00399802
-1 0.480951 0.511542 0.00750667
-1 0.48305 0.512843 0.00410639
-1 0.463754 0.527733 0.00851358
-1 0.464728 0.530304 0.00496802
-1 0.467208 0.525419 0.00737264
-1 0.457313 0.53737 0.00531685
-1 0.471747 0.521274 0.00697897
-1 0.480983 0.516028 0.0029891
-1 0.489813 0.507263 0.00292414
1 0.500352 0.496856 0.00279123
1 0.502818 0.491634 0.00554827
1 0.516081 0.481988 0.00193136
1 0.520089 0.478216 0.00169563
1 0.514944 0.482363 0.00269343
1 0.532425 0.464517 0.0030583
1 0.518915 0.478238 0.00284697
1 0.525016 0.469424 0.00555992
1 0.513567 0.47733 0.00910388
1 0.506408 0.483112 0.0104809
1 0.508728 0.485487 0.00578483
1 0.50834 0.481167 0.0104937
1 0.506648 0.483875 0.00947746
1 0.504791 0.487619 0.00758938
-1 0.487407 0.505155 0.00743796
-1 0.482104 0.497168 0.0207277
-1 0.484705 0.506058 0.00923646
-1 0.489203 0.502567 0.0082292
1 0.499095 0.494195 0.00670998
-1 0.481248 0.491843 0.0269091
-1 0.488363 0.500801 0.0108361
-1 0.479744 0.49816 0.0220967
-1 0.494061 0.49558 0.0103595
1 0.492777 0.483168 0.0240558
-1 0.485854 0.48865 0.0254964
-1 0.491284 0.502304 0.00641186
-1 0.484647 0.493741 0.0216118
-1 0.485572 0.502233 0.0121948
-1 0.494219 0.496058 0.00972311
1 0.486286 0.484951 0.0287625
-1 0.48478 0.491216 0.0240048
-1 0.48082 0.491937 0.0272427
-1 0.482599 0.500772 0.0166294
-1 0.471302 0.47296 0.0557382
-1 0.48669 0.488635 0.0246755
-1 0.476961 0.490172 0.0328676
-1 0.464167 0.483975 0.0518572
-1 0.463855 0.477242 0.0589027
1 0.488599 0.486861 0.0245397
-1 0.484744 0.499764 0.0154922
-1 0.479558 0.499453 0.0209889
-1 0.477867 0.505457 0.016676
-1 0.457989 0.499386 0.0426252
-1 0.459347 0.502835 0.0378178
-1 0.464685 0.501719 0.033596
-1 0.463764 0.524741 0.0114949
-1 0.463689 0.519738 0.0165737
-1 0.44013 0.536436 0.0234333
-1 0.433838 0.549795 0.0163664
-1 0.437101 0.547717 0.0151816
-1 0.432312 0.548117 0.0195705
-1 0.427757 0.534023 0.0382203
-1 0.434119 0.525388 0.0404937
-1 0.4552 0.523911 0.0208896
-1 0.465493 0.512258 0.0222491
-1 0.470497 0.511314 0.0181885
-1 0.471347 0.51038 0.0182722
-1 0.477111 0.496101 0.0267879
-1 0.47672 0.486413 0.0368669
-1 0.480255 0.488172 0.0315735
-1 0.488323 0.489814 0.0218631
-1 0.487524 0.500503 0.0119737
-1 0.493258 0.500125 0.00661673
-1 0.492772 0.500842 0.00638588
-1 0.490511 0.506186 0.00330309
-1 0.47745 0.51777 0.00478038
-1 0.476769 0.520498 0.00273211
-1 0.481883 0.51584 0.0022768
-1 0.480668 0.513604 0.00572803
-1 0.48153 0.515963 0.00250629
-1 0.484139 0.513887 0.00197376
-1 0.485564 0.512741 0.00169561
-1 0.492557 0.504601 0.00284197
1 0.499059 0.498802 0.00213981
1 0.509699 0.486337 0.00396393
1 0.522427 0.474848 0.0027253
1 0.528236 0.467116 0.0046484
1 0.534796 0.46288 0.00232388
1 0.532899 0.461998 0.0051034
1 0.540781 0.455017 0.00420192
1 0.547951 0.443375 0.00867457
1 0.543957 0.448047 0.00799542
1 0.544631 0.435902 0.0194671
1 0.541635 0.433137 0.0252272
1 0.532031 0.425942 0.0420273
1 0.540834 0.440363 0.018804
1 0.529885 0.441333 0.0287817
1 0.536568 0.446161 0.0172712
1 0.531847 0.456149 0.012004
1 0.514858 0.457401 0.0277411
1 0.510848 0.470165 0.0189864
1 0.506811 0.484518 0.00867148
1 0.50506 0.489423 0.00551704
1 0.50785 0.486339 0.00581102
-1 0.490095 0.499283 0.0106225
-1 0.486276 0.507807 0.00591777
-1 0.47921 0.50614 0.01465
-1 0.462314 0.514205 0.0234807
-1 0.472302 0.516043 0.0116548
-1 0.477117 0.506062 0.0168202
-1 0.480334 0.510004 0.00966233
-1 0.466898 0.491705 0.0413972
-1 0.47324 0.495817 0.030943
-1 0.459292 0.465415 0.0752929
1 0.472322 0.466391 0.0612872
-1 0.424664 0.43606 0.139276
-1 0.426745 0.426963 0.146293
-1 0.424295 0.424349 0.151357
-1 0.425982 0.443981 0.130037
1 0.434234 0.425372 0.140394
1 0.473815 0.469437 0.0567478
-1 0.431129 0.441533 0.127338
1 0.476021 0.474782 0.0491966
1 0.465823 0.410485 0.123691
1 0.483102 0.458191 0.0587071
1 0.480809 0.460254 0.0589371
1 0.491945 0.474705 0.0333498
-1 0.486269 0.493092 0.0206388
-1 0.489515 0.491556 0.018929
-1 0.458579 0.49 0.0514205
-1 0.477187 0.501619 0.0211938
-1 0.477456 0.509177 0.0133676
-1 0.475416 0.519504 0.00507964
-1 0.462678 0.514788 0.0225346
-1 0.467267 0.516713 0.0160206
-1 0.470614 0.506654 0.0227321
1 0.485019 0.483709 0.0312713
1 0.458803 0.430145 0.111051
1 0.44856 0.410365 0.141075
1 0.444518 0.401928 0.153555
1 0.45939 0.364457 0.176152
1 0.466969 0.435292 0.0977387
1 0.470074 0.391564 0.138363
1 0.446443 0.330973 0.222584
-1 0.462217 0.48462 0.0531633
1 0.448724 0.397252 0.154024
1 0.448101 0.409006 0.142892
-1 0.454996 0.458031 0.0869737
-1 0.457548 0.509639 0.0328132
-1 0.445484 0.478061 0.0764544
-1 0.460012 0.521663 0.0183252
-1 0.466423 0.524223 0.00935478
-1 0.450955 0.52231 0.0267352
-1 0.445789 0.541977 0.0122338
-1 0.452847 0.537268 0.00988547
-1 0.457592 0.53461 0.00779776
-1 0.466054 0.505059 0.028887
-1 0.473979 0.501086 0.0249354
-1 0.477126 0.48239 0.0404836
1 0.490263 0.470906 0.0388311
1 0.453198 0.427473 0.119329
1 0.445033 0.383692 0.171274
1 0.483162 0.419928 0.0969097
1 0.452257 0.420807 0.126936
1 0.45369 0.430101 0.11621
1 0.498143 0.4855 0.0163576
1 0.493313 0.486509 0.0201784
1 0.493287 0.490295 0.0164183
-1 0.479351 0.499781 0.0208684
-1 0.477531 0.515119 0.00735001
-1 0.460849 0.480202 0.0589491
-1 0.468124 0.508964 0.0229121
-1 0.478972 0.496231 0.0247973
-1 0.490478 0.497828 0.0116938
-1 0.492251 0.49413 0.013619
-1 0.485868 0.499042 0.01509
1 0.502713 0.475186 0.0221015
1 0.492234 0.483971 0.0237953
1 0.502641 0.480207 0.0171522
1 0.495011 0.481212 0.0237769
-1 0.480416 0.488546 0.0310386
-1 0.479753 0.481546 0.0387007
-1 0.472138 0.498707 0.0291551
-1 0.475801 0.507105 0.0170944
-1 0.477121 0.516174 0.00670507
-1 0.469694 0.515172 0.0151342
-1 0.462955 0.499121 0.0379241
-1 0.459996 0.515753 0.0242507
-1 0.455003 0.519813 0.0251836
-1 0.452288 0.491745 0.0559668
-1 0.460496 0.518142 0.0213622
-1 0.448706 0.503336 0.047958
-1 0.46086 0.517711 0.0214286
-1 0.464528 0.514845 0.0206276
-1 0.483058 0.504869 0.0120732
-1 0.471539 0.505255 0.0232055
-1 0.459525 0.494631 0.0458444
-1 0.466016 0.48373 0.0502544
-1 0.47331 0.498741 0.0279494
-1 0.472492 0.505785 0.0217228
-1 0.459613 0.501511 0.0388758
-1 0.454357 0.515753 0.0298904
-1 0.457247 0.502317 0.0404363
-1 0.457069 0.523086 0.0198454
-1 0.462775 0.52911 0.00811577
-1 0.464481 0.523664 0.0118552
-1 0.464305 0.52312 0.0125756
-1 0.478739 0.511446 0.00981511
-1 0.484727 0.507177 0.00809653
-1 0.469971 0.50675 0.0232789
-1 0.483366 0.505036 0.0115983
-1 0.487406 0.495917 0.0166768
1 0.505118 0.487705 0.00717771
1 0.516744 0.479177 0.00407868
1 0.508118 0.488496 0.0033865
1 0.520353 0.475348 0.00429968
1 0.531018 0.463082 0.00589987
1 0.532274 0.459244 0.00848186
1 0.549581 0.44164 0.00877886
1 0.539652 0.453957 0.00639137
1 0.542864 0.444836 0.0122993
1 0.537922 0.452243 0.00983547
1 0.533079 0.457054 0.00986779
1 0.519647 0.441916 0.038437
1 0.506169 0.461952 0.0318798
1 0.507224 0.448229 0.0445471
1 0.497638 0.452126 0.0502358
1 0.511563 0.446637 0.0418007
1 0.53233 0.451807 0.0158629
1 0.527873 0.451877 0.0202504
1 0.522233 0.444516 0.0332513
1 0.531302 0.456828 0.01187
1 0.533125 0.455307 0.0115679
1 0.537396 0.445476 0.0171284
1 0.524804 0.465069 0.0101268
1 0.511155 0.483844 0.00500106
1 0.499373 0.493845 0.00678205
-1 0.481284 0.509902 0.00881426
-1 0.485755 0.511891 0.00235339
