labels 1 -1 0
-1 0.472518 0.518365 0.00911665
-1 0.473102 0.52122 0.00567819
1 0.495997 0.487296 0.0167066
1 0.502056 0.490351 0.00759336
1 0.509137 0.469105 0.0217578
1 0.546639 0.444849 0.00851202
1 0.523918 0.442435 0.0336462
1 0.522386 0.455321 0.0222932
1 0.514797 0.441443 0.0437599
1 0.495687 0.4443 0.0600131
1 0.52789 0.453379 0.0187311
1 0.517457 0.462943 0.0195994
1 0.511113 0.474906 0.0139812
1 0.506328 0.48047 0.0132014
-1 0.465204 0.512095 0.0227006
-1 0.446955 0.494106 0.0589387
-1 0.468425 0.503414 0.0281607
-1 0.469814 0.511741 0.0184452
-1 0.488471 0.504182 0.00734657
1 0.4924 0.473709 0.0338913
1 0.5171 0.474235 0.00866516
1 0.519393 0.456185 0.0244214
1 0.526057 0.4597 0.0142424
1 0.501751 0.442315 0.0559344
1 0.504909 0.394249 0.100843
1 0.49502 0.409141 0.0958388
1 0.50256 0.418489 0.0789515
1 0.522939 0.455496 0.021565
1 0.506446 0.451356 0.0421982
1 0.512823 0.473567 0.0136107
1 0.52219 0.4541 0.0237098
1 0.512716 0.467956 0.0193282
1 0.52829 0.466742 0.00496765
1 0.514394 0.476861 0.00874553
1 0.490026 0.489882 0.0200918
1 0.496401 0.493616 0.00998363
1 0.495429 0.484439 0.020132
-1 0.493073 0.497407 0.00951959
-1 0.467 0.521802 0.0111981
-1 0.445407 0.529933 0.0246604
-1 0.435999 0.538203 0.0257982
-1 0.442865 0.541881 0.0152544
-1 0.450473 0.528738 0.0207885
-1 0.457865 0.53036 0.0117754
-1 0.467606 0.516416 0.0159781
-1 0.472358 0.505893 0.0217493
-1 0.468675 0.505557 0.0257678
-1 0.481536 0.503407 0.0150578
1 0.505385 0.465776 0.0288382
1 0.506127 0.450891 0.0429815
1 0.521793 0.448021 0.0301859
1 0.517735 0.391587 0.0906776
1 0.516472 0.456324 0.027204
1 0.501424 0.446935 0.0516413
1 0.486583 0.46801 0.0454061
1 0.469274 0.451916 0.0788102
-1 0.481536 0.483136 0.0353277
-1 0.477861 0.50796 0.0141793
-1 0.441837 0.520236 0.0379274
-1 0.442066 0.549165 0.00876843
-1 0.444994 0.543211 0.0117948
-1 0.430525 0.558308 0.0111671
-1 0.409956 0.551907 0.0381371
-1 0.427312 0.561454 0.0112342
-1 0.421796 0.564348 0.0138563
-1 0.423373 0.564689 0.0119379
-1 0.444484 0.550209 0.00530693
-1 0.4422 0.545936 0.0118638
-1 0.466755 0.524573 0.00867165
-1 0.478818 0.511685 0.0094962
-1 0.477777 0.519051 0.00317185
-1 0.480874 0.513101 0.00602446
-1 0.45318 0.526836 0.0199848
-1 0.467984 0.51292 0.0190966
-1 0.479996 0.480172 0.0398322
1 0.496359 0.469999 0.0336422
1 0.524776 0.438343 0.0368807
1 0.512333 0.462366 0.0253002
1 0.521371 0.453732 0.0248972
1 0.52102 0.451561 0.0274188
1 0.498323 0.417118 0.0845588
1 0.507031 0.458627 0.0343411
1 0.500177 0.478961 0.0208621
-1 0.488693 0.495776 0.0155308
-1 0.489114 0.505688 0.0051984
-1 0.476382 0.510743 0.0128751
-1 0.456161 0.539922 0.00391654
-1 0.458491 0.534101 0.00740765
-1 0.434863 0.560125 0.00501163
-1 0.415615 0.576057 0.00832808
-1 0.402428 0.585501 0.0120706
-1 0.389418 0.600653 0.00992832
-1 0.382421 0.609145 0.00843413
-1 0.382668 0.607625 0.00970687
-1 0.366844 0.61596 0.0171967
-1 0.378293 0.594435 0.0272714
-1 0.407093 0.580875 0.0120322
-1 0.409286 0.575082 0.0156319
-1 0.420808 0.552982 0.0262101
-1 0.422328 0.482286 0.0953857
-1 0.435107 0.489835 0.0750584
-1 0.454345 0.480717 0.0649379
-1 0.447778 0.488879 0.0633432
1 0.459895 0.453212 0.0868925
-1 0.454212 0.472255 0.0735327
-1 0.461981 0.48343 0.0545894
-1 0.475012 0.501238 0.02375
