labels 1 0 -1
0 0.203986 0.784713 0.0113011
0 0.0530574 0.872139 0.0748036
0 0.430968 0.515947 0.0530852
0 0.0669642 0.927952 0.0050839
0 0.006926 0.762124 0.23095
0 0.0778631 0.892168 0.0299689
0 0.0266218 0.85861 0.114768
1 0.634048 0.36117 0.00478195
0 0.0284829 0.921552 0.0499649
-1 0.000620931 0.13025 0.869129
0 0.117829 0.844282 0.0378887
0 0.0389516 0.85682 0.104228
0 0.174599 0.628669 0.196732
0 0.150404 0.785113 0.064483
1 0.979275 0.0205934 0.000131769
0 0.0775212 0.906718 0.0157608
-1 0.0223488 0.466423 0.511228
0 0.0339844 0.93572 0.0302956
0 0.25932 0.73241 0.00827032
0 0.130555 0.863553 0.00589284
0 0.0309013 0.938508 0.0305911
0 0.0390145 0.956215 0.00477097
0 0.249421 0.732552 0.0180269
1 0.554303 0.444933 0.00076415
0 0.101571 0.861837 0.036592
0 0.160817 0.837092 0.00209099
0 0.0353399 0.886638 0.0780221
0 0.0433674 0.938999 0.0176333
0 0.00520883 0.990544 0.00424684
0 0.0604921 0.884542 0.0549663
0 0.0249109 0.947814 0.027275
0 0.0624611 0.76921 0.168329
0 0.0130797 0.80416 0.182761
0 0.0162252 0.687285 0.29649
-1 0.000879096 0.193117 0.806003
0 0.0198192 0.501063 0.479118
-1 0.000758031 0.166284 0.832958
0 0.037236 0.853415 0.109349
0 0.157644 0.80292 0.0394359
0 0.453777 0.537822 0.00840117
-1 0.000785796 0.277134 0.722081
0 0.0949757 0.746652 0.158372
0 0.111324 0.877463 0.0112131
0 0.202462 0.758216 0.0393223
0 0.00853332 0.923338 0.0681285
1 0.91311 0.0851676 0.00172287
0 0.292295 0.703836 0.00386968
0 0.0531693 0.942469 0.00436222
0 0.0852286 0.90923 0.00554141
0 0.0122274 0.95423 0.0335425
0 0.0242314 0.856401 0.119367
0 0.00296138 0.854664 0.142375
0 0.0142434 0.666846 0.318911
0 0.0697709 0.816359 0.11387
0 0.0425713 0.816731 0.140698
0 0.0322888 0.87147 0.0962416
0 0.0121706 0.531395 0.456435
1 0.993099 0.00687456 2.69142e-05
0 0.00781899 0.882516 0.109665
-1 0.0301116 0.287052 0.682837
0 0.0344651 0.94145 0.0240851
0 0.0363607 0.648318 0.315322
0 0.109421 0.66904 0.221539
1 0.540637 0.405804 0.0535582
-1 0.00099046 0.0831715 0.915838
-1 0.116461 0.418112 0.465427
0 0.275314 0.508411 0.216275
-1 0.00818043 0.211124 0.780696
-1 0.132954 0.354528 0.512518
1 0.580823 0.396409 0.0227682
0 0.230174 0.683979 0.085847
1 0.700532 0.294721 0.00474669
0 0.0660165 0.92142 0.0125634
0 0.0819981 0.91025 0.00775177
0 0.0735202 0.919232 0.00724804
0 0.0923951 0.884572 0.0230333
0 0.00591896 0.98462 0.00946081
0 0.0165077 0.95689 0.0266028
0 0.00392867 0.964435 0.0316362
0 0.0317226 0.921642 0.0466353
0 0.0693559 0.717326 0.213319
0 0.0628515 0.923439 0.01371
0 0.337303 0.657744 0.00495386
0 0.00996798 0.967427 0.0226047
0 0.212851 0.775832 0.011317
0 0.00996275 0.904674 0.0853628
0 0.0223932 0.927832 0.0497751
0 0.0873945 0.685858 0.226748
0 0.015987 0.913762 0.0702512
0 0.0970057 0.750192 0.152803
0 0.037357 0.936367 0.0262758
0 0.335388 0.662285 0.00232652
0 0.26391 0.734137 0.00195303
0 0.0156995 0.968451 0.015849
0 0.00368279 0.580672 0.415645
0 0.0608612 0.924473 0.0146655
0 0.250005 0.747128 0.00286689
0 0.00300956 0.989882 0.00710869
0 0.26815 0.716504 0.0153459
0 0.00754572 0.969127 0.0233273
0 0.104464 0.825866 0.0696703
0 0.0326523 0.959289 0.00805903
0 0.0450716 0.580334 0.374595
-1 0.00460785 0.139836 0.855556
0 0.0183068 0.644812 0.336881
-1 0.0747186 0.391877 0.533404
0 0.0504619 0.655359 0.294179
