labels 1 0 -1
0 0.333972 0.584065 0.0819623
1 0.495082 0.280521 0.224397
0 0.348081 0.46141 0.190509
0 0.256959 0.569859 0.173181
0 0.214696 0.530092 0.255212
0 0.155203 0.704868 0.139929
0 0.253909 0.557193 0.188897
0 0.157001 0.607769 0.23523
0 0.176622 0.70528 0.118098
-1 0.164388 0.365772 0.46984
-1 0.240696 0.299718 0.459586
1 0.400721 0.317653 0.281626
-1 0.215254 0.332572 0.452174
0 0.322781 0.341453 0.335766
1 0.474718 0.224213 0.301069
0 0.291522 0.60618 0.102298
0 0.263309 0.507252 0.229439
0 0.268146 0.464305 0.26755
0 0.322362 0.532438 0.1452
0 0.249062 0.515982 0.234956
0 0.178111 0.57646 0.245429
0 0.124688 0.735172 0.140141
0 0.195412 0.66249 0.142098
0 0.126263 0.791795 0.0819425
0 0.127339 0.776997 0.0956647
0 0.0788362 0.850028 0.0711361
0 0.112949 0.753769 0.133282
0 0.0996092 0.674667 0.225724
0 0.115758 0.718353 0.165889
0 0.0684647 0.60531 0.326225
0 0.0573555 0.783364 0.15928
0 0.134789 0.640242 0.224969
0 0.11594 0.720786 0.163274
0 0.15979 0.552748 0.287462
0 0.13078 0.597213 0.272007
0 0.144073 0.462609 0.393318
1 0.411892 0.298463 0.289645
-1 0.252565 0.195155 0.55228
1 0.389778 0.326284 0.283938
0 0.252137 0.388711 0.359152
0 0.406087 0.471067 0.122845
1 0.4177 0.174922 0.407378
1 0.474744 0.249198 0.276058
1 0.547032 0.268709 0.184258
0 0.379768 0.457954 0.162277
-1 0.210565 0.38164 0.407795
0 0.122021 0.777226 0.100753
-1 0.217865 0.387843 0.394292
0 0.155634 0.634994 0.209372
0 0.133481 0.775543 0.0909757
0 0.202821 0.643489 0.153691
0 0.202442 0.640774 0.156784
-1 0.176743 0.298482 0.524775
0 0.151322 0.530493 0.318184
0 0.334349 0.404039 0.261612
-1 0.325348 0.252461 0.422191
-1 0.300075 0.274766 0.42516
-1 0.178375 0.256613 0.565012
0 0.289043 0.631207 0.0797499
-1 0.375757 0.191289 0.432954
1 0.383027 0.360301 0.256673
-1 0.353513 0.244466 0.402021
-1 0.332369 0.199633 0.467999
1 0.552121 0.214363 0.233516
1 0.339635 0.331831 0.328534
1 0.398501 0.214876 0.386623
1 0.509014 0.197893 0.293092
1 0.447632 0.171612 0.380756
-1 0.31105 0.175507 0.513443
-1 0.313646 0.213106 0.473248
1 0.422091 0.278464 0.299445
1 0.549794 0.24775 0.202456
1 0.502507 0.312863 0.18463
0 0.35628 0.377705 0.266015
0 0.267435 0.490818 0.241747
0 0.152082 0.533021 0.314897
0 0.201358 0.65074 0.147902
0 0.0903097 0.654084 0.255606
0 0.129275 0.727021 0.143704
0 0.202843 0.599497 0.19766
0 0.26292 0.586923 0.150156
-1 0.276663 0.323779 0.399559
0 0.247813 0.451056 0.301132
0 0.170878 0.735731 0.0933907
0 0.155686 0.663444 0.180871
0 0.0977256 0.81207 0.090204
0 0.132566 0.739415 0.128019
0 0.149089 0.468838 0.382073
0 0.187244 0.422505 0.39025
-1 0.332679 0.252085 0.415236
0 0.229599 0.466332 0.304068
0 0.293602 0.489574 0.216824
0 0.237978 0.581204 0.180818
0 0.147405 0.735989 0.116606
0 0.110491 0.811366 0.0781429
0 0.237627 0.507559 0.254814
0 0.175899 0.683033 0.141068
0 0.231396 0.549205 0.219399
0 0.157439 0.600187 0.242374
0 0.109075 0.835845 0.0550793
0 0.128658 0.72425 0.147092
0 0.0986221 0.816195 0.0851832
0 0.101757 0.736054 0.162189
0 0.0921253 0.596407 0.311468
-1 0.218245 0.380837 0.400918
-1 0.306252 0.319029 0.374718
1 0.37668 0.281517 0.341802
