labels 0 1 -1
1 0.20177 0.4856 0.31263
1 0.112693 0.545329 0.341978
1 0.165468 0.484957 0.349574
1 0.142492 0.594306 0.263202
1 0.128661 0.618445 0.252894
1 0.105254 0.573725 0.321021
-1 0.129054 0.290919 0.580027
-1 0.140985 0.336089 0.522926
1 0.134786 0.51512 0.350094
-1 0.125406 0.399392 0.475201
1 0.0939617 0.505247 0.400791
-1 0.117069 0.303035 0.579896
1 0.095906 0.470123 0.433971
-1 0.0758139 0.40097 0.523216
1 0.127722 0.544331 0.327946
1 0.17662 0.487235 0.336145
1 0.258056 0.443866 0.298079
1 0.183753 0.456748 0.359499
1 0.285693 0.397194 0.317113
1 0.266411 0.433033 0.300556
1 0.330767 0.395329 0.273904
-1 0.2145 0.273973 0.511526
0 0.379066 0.365435 0.255499
1 0.310607 0.401395 0.287998
1 0.18069 0.475052 0.344258
1 0.178083 0.479027 0.342889
1 0.408043 0.465806 0.126151
-1 0.3604 0.238138 0.401462
0 0.545356 0.240638 0.214006
0 0.549149 0.21912 0.23173
0 0.375006 0.314281 0.310713
0 0.533665 0.266328 0.200006
1 0.249311 0.47341 0.277278
0 0.508023 0.372849 0.119129
0 0.655377 0.256928 0.0876956
0 0.573826 0.254493 0.171682
0 0.625826 0.185172 0.189001
0 0.666846 0.182806 0.150348
0 0.715028 0.149139 0.135833
0 0.634181 0.178887 0.186932
0 0.528221 0.191499 0.28028
0 0.695985 0.139183 0.164832
0 0.858307 0.0903805 0.0513122
1 0.336291 0.522292 0.141417
0 0.498707 0.312492 0.188801
-1 0.141279 0.304881 0.55384
-1 0.259712 0.272602 0.467687
0 0.409919 0.32722 0.262861
0 0.618322 0.233594 0.148083
-1 0.327216 0.208474 0.464311
0 0.509953 0.238019 0.252028
-1 0.318374 0.327899 0.353727
1 0.329706 0.353041 0.317253
-1 0.232471 0.280351 0.487178
-1 0.195123 0.27884 0.526037
-1 0.156187 0.39158 0.452234
0 0.365743 0.336387 0.29787
0 0.426708 0.330273 0.243019
1 0.145108 0.533041 0.32185
-1 0.145837 0.198858 0.655305
1 0.125834 0.460772 0.413394
-1 0.119698 0.357617 0.522686
-1 0.123153 0.324219 0.552629
-1 0.140445 0.368597 0.490957
0 0.399133 0.3426 0.258267
-1 0.273349 0.248568 0.478083
0 0.368972 0.348561 0.282468
-1 0.239255 0.325636 0.43511
-1 0.225532 0.285276 0.489192
-1 0.0664719 0.334534 0.598994
1 0.114748 0.640238 0.245014
-1 0.1418 0.412051 0.44615
-1 0.129686 0.351264 0.519049
1 0.231662 0.402542 0.365796
-1 0.161641 0.315578 0.522781
-1 0.190771 0.266685 0.542543
-1 0.1588 0.314056 0.527143
-1 0.141963 0.264406 0.593631
1 0.131983 0.53787 0.330147
-1 0.143513 0.325297 0.531189
-1 0.155373 0.296032 0.548596
-1 0.145169 0.289422 0.565409
1 0.119963 0.474386 0.405651
1 0.114249 0.515218 0.370533
-1 0.151621 0.304567 0.543812
-1 0.121404 0.435438 0.443158
1 0.0846055 0.511356 0.404038
1 0.159203 0.513145 0.327652
-1 0.0999938 0.362552 0.537454
1 0.0892813 0.47136 0.439359
1 0.164707 0.560004 0.27529
1 0.28884 0.539967 0.171194
-1 0.187645 0.384782 0.427574
-1 0.387169 0.225593 0.387239
-1 0.364323 0.265318 0.370359
0 0.405866 0.348179 0.245955
0 0.546538 0.265649 0.187814
0 0.551188 0.285702 0.163109
0 0.604073 0.258161 0.137766
0 0.558975 0.272525 0.1685
0 0.577585 0.206366 0.216049
-1 0.355645 0.135383 0.508972
0 0.582582 0.278681 0.138737
0 0.784629 0.153726 0.0616449
0 0.852568 0.123113 0.0243194
1 0.155303 0.42757 0.417128
1 0.178538 0.438546 0.382916
-1 0.184403 0.305857 0.509739
-1 0.179061 0.209005 0.611933
1 0.198518 0.574888 0.226594
-1 0.214292 0.373762 0.411946
-1 0.223837 0.352856 0.423307
-1 0.319609 0.328994 0.351396
-1 0.241648 0.309362 0.44899
1 0.15943 0.591858 0.248712
1 0.0960757 0.62812 0.275804
-1 0.1992 0.322146 0.478655
1 0.255181 0.384146 0.360674
0 0.396178 0.305978 0.297844
0 0.470502 0.314947 0.21455
-1 0.383572 0.176358 0.44007
0 0.363723 0.277918 0.358358
1 0.183636 0.459321 0.357042
1 0.290921 0.371519 0.33756
0 0.424533 0.346277 0.22919
0 0.513856 0.235664 0.25048
0 0.526847 0.28376 0.189393
0 0.519861 0.270761 0.209377
0 0.465049 0.375576 0.159375
0 0.459707 0.348526 0.191767
0 0.499026 0.333738 0.167236
0 0.475572 0.240012 0.284417
-1 0.314217 0.330586 0.355198
-1 0.225059 0.354095 0.420846
1 0.201529 0.492731 0.30574
1 0.28968 0.430156 0.280164
0 0.490676 0.316252 0.193073
0 0.406156 0.283778 0.310065
-1 0.198928 0.28273 0.518342
0 0.592978 0.318723 0.0882997
-1 0.272213 0.217446 0.510341
-1 0.169431 0.383151 0.447419
-1 0.281751 0.348009 0.37024
0 0.668513 0.251247 0.0802403
0 0.541084 0.189651 0.269265
0 0.546125 0.17456 0.279315
0 0.70424 0.172748 0.123012
0 0.359091 0.306317 0.334592
0 0.582748 0.253611 0.163641
0 0.458034 0.255665 0.286301
1 0.276548 0.373772 0.34968
-1 0.332151 0.244189 0.42366
-1 0.159382 0.324299 0.516319
-1 0.182881 0.246698 0.570421
1 0.140357 0.581284 0.278359
-1 0.174878 0.364683 0.460439
-1 0.142581 0.313339 0.54408
0 0.433947 0.362747 0.203306
-1 0.286563 0.264717 0.44872
-1 0.275558 0.35348 0.370961
1 0.262525 0.37381 0.363666
1 0.185156 0.456653 0.358191
1 0.128753 0.512658 0.35859
-1 0.12092 0.390917 0.488163
0 0.557075 0.281925 0.161
0 0.437269 0.273979 0.288752
0 0.531018 0.226293 0.242689
0 0.528033 0.155392 0.316575
1 0.26696 0.378265 0.354775
-1 0.0936847 0.366492 0.539823
-1 0.169792 0.253541 0.576667
1 0.168678 0.51307 0.318252
1 0.146637 0.578143 0.27522
0 0.426334 0.419275 0.154391
-1 0.283536 0.307053 0.409411
-1 0.351767 0.171077 0.477156
0 0.36023 0.329925 0.309845
0 0.439989 0.272506 0.287505
-1 0.213939 0.343966 0.442095
0 0.527544 0.348656 0.1238
1 0.202799 0.434611 0.36259
-1 0.270095 0.344606 0.385299
0 0.364802 0.309931 0.325267
-1 0.288081 0.306054 0.405865
0 0.510514 0.310637 0.178849
-1 0.253627 0.27714 0.469234
1 0.252653 0.434875 0.312472
1 0.277729 0.473982 0.248289
-1 0.216358 0.308466 0.475176
1 0.180721 0.418374 0.400905
1 0.238886 0.504643 0.256471
1 0.247962 0.403961 0.348077
0 0.561344 0.272869 0.165788
-1 0.323204 0.184482 0.492314
0 0.35888 0.307336 0.333784
0 0.592735 0.204452 0.202813
0 0.684029 0.15829 0.157682
0 0.442741 0.248808 0.308451
1 0.29802 0.364305 0.337675
-1 0.186114 0.375818 0.438068
1 0.301078 0.372649 0.326273
-1 0.212374 0.387275 0.400351
-1 0.193057 0.267279 0.539665
-1 0.185086 0.353986 0.460927
-1 0.14891 0.237149 0.613941
-1 0.223842 0.370895 0.405262
1 0.332642 0.340211 0.327148
-1 0.296531 0.327731 0.375738
1 0.271792 0.552188 0.17602
1 0.16963 0.417347 0.413023
1 0.162486 0.429605 0.407909
-1 0.133242 0.371098 0.495659
-1 0.123108 0.309731 0.567161
-1 0.163461 0.359456 0.477083
-1 0.167501 0.382371 0.450128
-1 0.170525 0.257409 0.572066
-1 0.319931 0.331365 0.348704
0 0.447932 0.282676 0.269392
-1 0.334893 0.32084 0.344268
-1 0.350596 0.236585 0.41282
0 0.490779 0.30411 0.205112
0 0.443165 0.317889 0.238946
0 0.570096 0.272921 0.156983
0 0.603185 0.228402 0.168412
1 0.19441 0.418982 0.386608
-1 0.188161 0.397541 0.414297
0 0.54579 0.269758 0.184453
0 0.426169 0.272084 0.301747
0 0.715038 0.214159 0.0708027
0 0.570246 0.206291 0.223463
0 0.533192 0.285415 0.181393
0 0.488229 0.23566 0.276111
0 0.501815 0.239888 0.258297
0 0.492318 0.292517 0.215165
-1 0.223178 0.362949 0.413873
-1 0.234334 0.255714 0.509952
-1 0.218339 0.367913 0.413748
-1 0.159783 0.167106 0.673111
-1 0.225673 0.321408 0.452919
-1 0.201223 0.269431 0.529346
-1 0.14109 0.373954 0.484956
-1 0.169694 0.184939 0.645367
1 0.322213 0.344714 0.333073
-1 0.208452 0.347519 0.44403
