labels 1 -1 0
-1 0.355487 0.374845 0.269668
-1 0.0818133 0.884767 0.0334201
1 0.589721 0.0771956 0.333084
0 7.03551e-08 7.57601e-08 1
1 0.888935 0.0280147 0.0830503
-1 0.0676892 0.741737 0.190574
-1 0.413492 0.414652 0.171855
0 0.293452 0.104061 0.602487
0 0.442019 0.107217 0.450764
-1 0.194582 0.543194 0.262224
-1 0.326496 0.361305 0.3122
1 0.535061 0.255906 0.209033
-1 0.0577742 0.686541 0.255685
0 0.276482 0.0771119 0.646407
1 0.455606 0.206495 0.337899
0 0.0180382 0.069525 0.912437
1 0.505056 0.136103 0.358841
0 0.146224 0.273521 0.580255
0 0.311977 0.278129 0.409894
-1 0.414755 0.447957 0.137288
-1 0.204678 0.55803 0.237292
0 0.300798 0.184813 0.514389
0 0.19246 0.0947201 0.71282
-1 0.070871 0.856883 0.0722462
0 0.250253 0.297779 0.451968
-1 0.0373023 0.506944 0.455753
-1 0.291787 0.495311 0.212901
1 0.643741 0.282232 0.0740277
1 0.64473 0.31746 0.0378102
1 0.572676 0.207303 0.220021
-1 0.253727 0.46909 0.277183
-1 0.321215 0.619146 0.0596387
-1 0.215388 0.670258 0.114354
1 0.62496 0.243517 0.131523
1 0.525 0.291168 0.183832
0 0.125955 0.205115 0.668931
-1 0.345099 0.388438 0.266463
-1 0.103688 0.604975 0.291336
-1 0.177092 0.637891 0.185017
-1 0.170939 0.548368 0.280693
-1 0.326154 0.456328 0.217518
0 0.224921 0.365652 0.409427
1 0.583975 0.18481 0.231214
-1 0.256723 0.578327 0.16495
-1 0.10078 0.530883 0.368337
0 0.123269 0.0892208 0.78751
0 0.187969 0.0659989 0.746032
0 0.22204 0.352015 0.425945
1 0.638365 0.298989 0.0626457
-1 0.317885 0.563452 0.118663
-1 0.282976 0.641772 0.0752528
-1 0.0673759 0.58368 0.348944
-1 0.0453616 0.752006 0.202632
-1 0.0707196 0.69082 0.23846
-1 0.249085 0.532574 0.218341
-1 0.269259 0.477616 0.253125
1 0.414342 0.358465 0.227193
1 0.505797 0.334496 0.159707
-1 0.41503 0.428324 0.156646
-1 0.16468 0.594192 0.241128
1 0.402853 0.344655 0.252492
1 0.521536 0.331724 0.14674
1 0.491602 0.345166 0.163231
0 0.148068 0.0285228 0.823409
1 0.471649 0.401186 0.127165
0 0.305377 0.203431 0.491193
1 0.650651 0.183792 0.165557
1 0.527024 0.242959 0.230017
1 0.609671 0.224676 0.165653
1 0.511018 0.166678 0.322304
1 0.512295 0.212309 0.275396
0 0.0671806 0.351941 0.580879
-1 0.0550472 0.64754 0.297413
0 0.277483 0.15862 0.563897
1 0.47703 0.143341 0.379629
-1 0.365755 0.478897 0.155347
1 0.341821 0.317274 0.340904
1 0.667312 0.169155 0.163533
0 0.224709 0.339747 0.435544
0 0.277388 0.0666595 0.655953
1 0.706054 0.211462 0.0824834
-1 0.048864 0.770002 0.181134
1 0.465923 0.257509 0.276568
1 0.543872 0.243828 0.2123
-1 0.23937 0.523196 0.237434
0 0.417026 0.129004 0.45397
-1 0.151608 0.733465 0.114927
1 0.614664 0.22019 0.165147
-1 0.366727 0.402105 0.231168
0 0.0561443 0.203857 0.739999
1 0.504711 0.245229 0.25006
-1 0.146423 0.636671 0.216906
1 0.41841 0.41149 0.1701
1 0.511598 0.216373 0.27203
1 0.496251 0.19009 0.313659
-1 0.225623 0.559112 0.215264
1 0.449082 0.258832 0.292086
0 0.319428 0.229673 0.450899
-1 0.0267025 0.565252 0.408046
0 0.236831 0.343697 0.419471
1 0.43709 0.270979 0.291931
-1 0.202026 0.533472 0.264502
1 0.445116 0.382464 0.17242
1 0.401681 0.398181 0.200138
0 0.059481 0.12448 0.816039
1 0.624525 0.345877 0.0295983
1 0.515079 0.114678 0.370243
-1 0.221137 0.706898 0.0719648
-1 0.227543 0.552042 0.220415
1 0.765809 0.197195 0.0369951
-1 0.293659 0.600435 0.105906
-1 0.174327 0.719943 0.10573
-1 0.219537 0.679145 0.101319
1 0.562715 0.229852 0.207432
1 0.546401 0.173229 0.280371
-1 0.197967 0.692169 0.109864
-1 0.241702 0.631689 0.12661
0 0.090908 0.278893 0.630199
0 0.0359053 0.420431 0.543664
0 0.0164183 0.445834 0.537748
-1 0.0450744 0.625829 0.329097
-1 0.162467 0.612053 0.22548
0 0.212485 0.154711 0.632804
-1 0.396874 0.524087 0.0790395
-1 0.116053 0.676182 0.207765
1 0.663231 0.270951 0.0658183
0 0.0324003 0.0695061 0.898094
1 0.461956 0.282513 0.255531
-1 0.388427 0.409997 0.201576
1 0.526872 0.300124 0.173004
-1 0.406436 0.536925 0.0566398
0 0.0501843 0.227646 0.72217
1 0.572714 0.0692379 0.358048
-1 0.11553 0.567306 0.317164
-1 0.0778564 0.749717 0.172426
-1 0.242105 0.533385 0.22451
0 0.216421 0.169942 0.613637
0 0.287507 0.295149 0.417344
-1 0.188058 0.604832 0.20711
0 0.298784 0.124193 0.577024
-1 0.376503 0.545919 0.0775778
0 0.0987322 0.254855 0.646412
1 0.484126 0.405104 0.11077
-1 0.388001 0.529238 0.0827608
-1 0.175174 0.732359 0.0924663
0 0.425523 0.113594 0.460883
0 0.141689 0.0904147 0.767896
0 0.0610957 0.345405 0.5935
0 0.110946 0.292771 0.596283
-1 0.144274 0.786612 0.0691141
-1 0.0769501 0.491573 0.431477
-1 0.178251 0.695644 0.126105
0 0.0278219 0.298628 0.673551
0 0.220969 0.29146 0.48757
0 0.258604 0.288398 0.452998
1 0.475564 0.283035 0.2414
0 0.0961243 0.302281 0.601594
-1 0.221215 0.619316 0.159469
-1 0.21373 0.451395 0.334875
1 0.443229 0.412316 0.144455
-1 0.100638 0.521228 0.378134
-1 0.0817144 0.733388 0.184897
-1 0.087312 0.814256 0.0984322
0 0.0893495 0.161912 0.748739
1 0.370821 0.290477 0.338702
1 0.564636 0.0896627 0.345701
0 0.381298 0.194062 0.424639
1 0.611932 0.165188 0.222879
-1 0.195289 0.744909 0.0598017
0 0.121783 0.348388 0.529829
1 0.700016 0.193663 0.106322
1 0.422507 0.309024 0.268469
1 0.644791 0.197099 0.15811
0 0.114115 0.281328 0.604557
0 0.0713171 0.448691 0.479992
-1 0.295013 0.483369 0.221618
1 0.419641 0.212177 0.368182
0 0.39831 0.143509 0.458181
0 0.261485 0.26922 0.469295
1 0.804143 0.119806 0.0760501
-1 0.274892 0.431094 0.294014
-1 0.30474 0.619365 0.0758944
0 0.0230135 0.266422 0.710565
1 0.476466 0.404748 0.118786
1 0.572172 0.275912 0.151916
-1 0.118363 0.63776 0.243877
1 0.42636 0.406903 0.166738
0 0.0124365 0.327136 0.660428
-1 0.154125 0.699893 0.145981
-1 0.0553114 0.529956 0.414733
-1 0.120714 0.59323 0.286056
0 0.13819 0.362548 0.499261
1 0.577363 0.338258 0.0843797
-1 0.160694 0.699854 0.139452
1 0.533861 0.387332 0.0788068
1 0.780685 0.11812 0.101195
0 0.075985 0.0212126 0.902802
1 0.610167 0.159001 0.230832
0 0.301106 0.0754259 0.623469
1 0.387136 0.354819 0.258045
-1 0.0753458 0.835825 0.0888288
1 0.465632 0.282381 0.251987
1 0.474437 0.375904 0.149659
1 0.467625 0.446272 0.0861025
0 0.368925 0.226317 0.404758
1 0.535449 0.282947 0.181604
1 0.481666 0.168347 0.349987
1 0.462195 0.338428 0.199377
1 0.535466 0.291644 0.17289
1 0.561634 0.24478 0.193585
-1 0.315027 0.537277 0.147696
-1 0.143272 0.744037 0.112691
0 0.18228 0.40216 0.41556
-1 0.0589621 0.586011 0.355027
-1 0.276196 0.519721 0.204083
0 0.330783 0.161189 0.508028
-1 0.338274 0.44409 0.217636
1 0.387122 0.302519 0.310359
1 0.563451 0.327579 0.10897
-1 0.328737 0.483377 0.187886
-1 0.342014 0.415603 0.242383
1 0.407877 0.296109 0.296014
1 0.413337 0.273922 0.312741
0 0.107105 0.400326 0.492569
-1 0.0833687 0.700898 0.215733
1 0.474829 0.467888 0.057283
0 0.00712909 0.233774 0.759097
-1 0.0837756 0.657909 0.258315
0 0.0263754 0.404484 0.569141
1 0.547873 0.286254 0.165873
-1 0.1959 0.598318 0.205782
1 0.367778 0.352854 0.279368
-1 0.247792 0.567155 0.185054
1 0.546459 0.187044 0.266497
-1 0.349704 0.533733 0.116563
0 0.077935 0.197129 0.724936
-1 0.383544 0.450398 0.166057
0 0.225904 0.0918769 0.682219
-1 0.298504 0.51858 0.182917
-1 0.141663 0.678258 0.180079
0 0.0150136 0.319341 0.665645
-1 0.065281 0.839022 0.0956974
-1 0.0412192 0.824772 0.134009
0 0.101548 0.224434 0.674018
-1 0.0941511 0.558434 0.347415
-1 0.193563 0.705868 0.100569
-1 0.279554 0.462467 0.257979
