labels 0 1 -1
1 0.362587 0.416352 0.221061
1 0.0395062 0.890036 0.0704581
1 0.105311 0.584525 0.310164
-1 0.0195132 0.227254 0.753233
-1 0.00876144 0.490055 0.501184
1 0.0247784 0.639741 0.335481
1 0.0230906 0.548358 0.428552
1 0.0300318 0.644999 0.324969
-1 0.0306825 0.222223 0.747095
1 0.00178204 0.940604 0.0576139
1 0.00315845 0.920169 0.0766723
1 0.00169514 0.982551 0.0157535
1 0.00189845 0.98103 0.0170716
1 0.0043533 0.958898 0.0367487
1 0.00121054 0.92315 0.0756393
1 0.00175805 0.978236 0.0200056
1 0.00606911 0.911704 0.0822268
1 0.00834983 0.942032 0.0496179
1 0.0251612 0.85959 0.115249
1 0.00902027 0.85195 0.13903
1 0.0118319 0.94823 0.039938
1 0.0272713 0.934918 0.0378112
1 0.138643 0.657055 0.204302
1 0.0928378 0.781216 0.125947
-1 0.047028 0.425483 0.527489
-1 0.0886775 0.228265 0.683057
1 0.26671 0.584068 0.149222
0 0.598794 0.288022 0.113184
0 0.785076 0.0788348 0.136089
0 0.729751 0.0875433 0.182706
0 0.737339 0.0399571 0.222704
0 0.847742 0.0542791 0.0979791
0 0.907328 0.0535729 0.0390989
0 0.851292 0.105895 0.0428127
0 0.902664 0.072264 0.0250723
0 0.953981 0.0276737 0.0183454
0 0.938787 0.0541299 0.00708326
0 0.989064 0.0062479 0.00468786
0 0.969762 0.0205494 0.00968908
0 0.984875 0.00374338 0.0113814
0 0.909015 0.0425447 0.0484404
0 0.874756 0.0142852 0.110959
0 0.852808 0.0321701 0.115022
0 0.878501 0.00928739 0.112211
0 0.891872 0.00983413 0.0982938
0 0.511315 0.00884846 0.479837
0 0.632859 0.00949 0.357651
0 0.580838 0.00837604 0.410786
0 0.950912 0.00555497 0.043533
0 0.969235 0.0083494 0.022416
0 0.951762 0.00878141 0.0394567
0 0.909463 0.00696013 0.083577
0 0.848664 0.0207095 0.130626
0 0.548018 0.0204803 0.431502
0 0.597992 0.0105283 0.39148
-1 0.225114 0.0186507 0.756235
0 0.645374 0.133797 0.220829
0 0.791504 0.0540625 0.154433
-1 0.314849 0.0208326 0.664319
-1 0.230854 0.0146498 0.754497
-1 0.0823105 0.0526481 0.865041
-1 0.30606 0.0612893 0.632651
0 0.573894 0.101162 0.324944
-1 0.299785 0.028935 0.67128
0 0.506165 0.0394616 0.454373
-1 0.41059 0.137634 0.451776
0 0.606717 0.13598 0.257302
0 0.458434 0.289222 0.252344
-1 0.355682 0.193237 0.451081
-1 0.134445 0.107515 0.75804
-1 0.136804 0.183749 0.679447
-1 0.123583 0.175809 0.700608
-1 0.202701 0.0894396 0.70786
-1 0.270512 0.28104 0.448448
-1 0.195109 0.202662 0.602229
-1 0.0792975 0.0706654 0.850037
1 0.227015 0.469779 0.303207
-1 0.0821567 0.142295 0.775548
1 0.094682 0.519538 0.385781
-1 0.141267 0.337344 0.52139
1 0.151497 0.470206 0.378297
1 0.173886 0.699283 0.12683
1 0.133906 0.690741 0.175352
1 0.153937 0.64266 0.203403
-1 0.196962 0.258007 0.545031
1 0.0628799 0.729334 0.207787
1 0.0494188 0.826071 0.124511
-1 0.119915 0.363672 0.516413
1 0.0460435 0.829639 0.124318
-1 0.0841411 0.445068 0.470791
-1 0.294975 0.177983 0.527042
-1 0.335963 0.250471 0.413565
-1 0.331175 0.154095 0.51473
0 0.656079 0.0285641 0.315357
0 0.780843 0.0612554 0.157902
0 0.82086 0.0290741 0.150066
0 0.895776 0.0186461 0.0855783
0 0.947573 0.0234051 0.029022
0 0.958252 0.019086 0.0226624
0 0.971732 0.0123464 0.0159213
0 0.981208 0.00759128 0.0112003
0 0.978815 0.0076469 0.0135376
0 0.989485 0.00541484 0.00509989
0 0.98214 0.0168906 0.000968971
0 0.994387 0.00430564 0.00130773
0 0.967127 0.027448 0.00542502
0 0.987465 0.00304135 0.0094935
0 0.987955 0.00628446 0.00576042
0 0.974587 0.0103494 0.0150638
0 0.996966 0.00171528 0.00131896
0 0.98979 0.00413719 0.00607239
0 0.993185 0.00225597 0.00455909
0 0.997835 0.000248519 0.00191695
0 0.993621 0.00221601 0.00416332
0 0.99169 0.00292178 0.00538802
0 0.933951 0.0405118 0.0255367
0 0.897868 0.037829 0.0643029
0 0.924985 0.0378829 0.037132
0 0.953322 0.00728149 0.0393966
0 0.967213 0.0194988 0.0132879
0 0.987552 0.00585261 0.00659491
0 0.97379 0.0171387 0.00907125
0 0.882152 0.0605415 0.0573066
0 0.944385 0.0314475 0.0241678
0 0.956053 0.0303377 0.0136092
0 0.991988 0.00577847 0.00223331
0 0.997648 0.000615668 0.00173653
0 0.997649 0.000677617 0.00167306
0 0.997811 0.00069461 0.00149406
0 0.999278 0.000492921 0.000228637
0 0.998377 0.00063951 0.000983542
0 0.999254 0.000127333 0.000619038
0 0.99489 0.00112412 0.00398588
0 0.995703 0.00222098 0.00207615
0 0.997731 0.000664777 0.00160453
0 0.997169 0.000630791 0.00219972
0 0.994171 0.000635666 0.00519313
0 0.995936 0.00154537 0.00251887
0 0.975483 0.00162982 0.0228871
0 0.995195 0.000379933 0.00442509
0 0.995197 0.00117474 0.00362849
0 0.996538 0.000735232 0.00272681
0 0.994452 0.0003351 0.00521308
0 0.995856 0.000376497 0.00376779
0 0.997611 0.000666917 0.00172215
0 0.999365 9.10211e-05 0.000543836
0 0.995638 0.000655224 0.00370633
0 0.99661 0.000178645 0.00321098
0 0.992486 0.00108722 0.00642645
0 0.990876 0.000983387 0.00814031
0 0.990847 0.00450015 0.00465294
0 0.985926 0.00346985 0.0106038
0 0.966022 0.00192357 0.0320542
0 0.936134 0.0024926 0.0613733
0 0.954564 0.00297988 0.0424561
0 0.951884 0.00401416 0.0441014
0 0.986304 0.00241484 0.0112809
0 0.996776 0.000343828 0.0028805
0 0.986016 0.00179952 0.0121845
0 0.994389 0.000744285 0.00486655
0 0.980467 0.00257689 0.0169566
0 0.972822 0.00464357 0.0225345
0 0.916559 0.0112134 0.0722276
0 0.951746 0.0140195 0.0342341
0 0.986437 0.00796102 0.00560191
0 0.994622 0.00266796 0.00271038
0 0.996175 0.00176124 0.00206347
0 0.995982 0.00204767 0.00197072
0 0.989315 0.00331903 0.00736619
0 0.933207 0.0345091 0.0322843
0 0.865567 0.0216403 0.112793
0 0.713007 0.132722 0.154271
0 0.912397 0.0409657 0.0466369
0 0.939128 0.0193123 0.0415597
0 0.959828 0.00687533 0.0332965
0 0.991613 0.00293625 0.00545092
0 0.990177 0.00253409 0.00728862
0 0.981495 0.00713921 0.0113663
0 0.978503 0.00967832 0.0118189
0 0.98502 0.00889291 0.00608698
0 0.899597 0.0440054 0.0563975
0 0.931198 0.00473001 0.0640722
0 0.956779 0.0044741 0.0387466
0 0.931719 0.01846 0.0498213
0 0.993336 0.00161567 0.00504862
0 0.977922 0.0100636 0.012014
0 0.942668 0.0336294 0.0237023
0 0.947865 0.0224726 0.0296623
0 0.870527 0.00809613 0.121377
0 0.940792 0.0198548 0.0393531
0 0.900896 0.0275258 0.071578
0 0.84992 0.0766585 0.0734214
0 0.822693 0.0700611 0.107246
0 0.888882 0.0312549 0.0798629
0 0.604019 0.337048 0.0589339
0 0.742158 0.0941374 0.163705
0 0.595982 0.11586 0.288158
0 0.635448 0.0912178 0.273334
1 0.363849 0.395661 0.24049
-1 0.426299 0.0944044 0.479297
0 0.443593 0.352244 0.204164
-1 0.181408 0.0644044 0.754187
-1 0.133132 0.248072 0.618796
-1 0.118573 0.248822 0.632605
-1 0.0981697 0.35399 0.54784
-1 0.149743 0.309909 0.540348
-1 0.405315 0.173599 0.421086
1 0.21176 0.395566 0.392674
-1 0.196453 0.191735 0.611813
-1 0.0809057 0.245473 0.673622
-1 0.0499498 0.110517 0.839533
-1 0.0255078 0.0178954 0.956597
-1 0.061285 0.222051 0.716664
-1 0.0982357 0.399675 0.502089
-1 0.113582 0.0831808 0.803237
1 0.0404933 0.771597 0.18791
-1 0.356493 0.173495 0.470012
1 0.166418 0.536478 0.297104
1 0.263705 0.454109 0.282186
1 0.253376 0.388183 0.35844
1 0.365919 0.549492 0.0845884
1 0.281536 0.514878 0.203586
1 0.255839 0.697261 0.0469001
1 0.303798 0.636685 0.0595178
1 0.331335 0.549715 0.11895
1 0.3341 0.546028 0.119872
0 0.505793 0.464432 0.0297756
0 0.686868 0.275373 0.0377586
0 0.831783 0.163934 0.00428312
0 0.922972 0.0503861 0.0266419
0 0.82442 0.0928508 0.0827289
0 0.833076 0.0550005 0.111923
0 0.650363 0.0168518 0.332786
0 0.648493 0.148246 0.203261
0 0.781427 0.0443558 0.174217
0 0.621686 0.0622716 0.316043
-1 0.326389 0.044409 0.629202
0 0.511456 0.0995941 0.38895
-1 0.272551 0.308378 0.419071
-1 0.253373 0.15297 0.593657
-1 0.0795271 0.0541588 0.866314
-1 0.0681791 0.0530265 0.878794
-1 0.34246 0.283876 0.373664
-1 0.295892 0.320615 0.383493
