labels 0 1 -1
1 0.239691 0.384058 0.376251
1 0.0922225 0.473489 0.434288
1 0.119482 0.727682 0.152837
-1 0.120917 0.377603 0.50148
1 0.0853375 0.67487 0.239793
1 0.0734886 0.718314 0.208198
-1 0.100988 0.310112 0.5889
-1 0.122913 0.409037 0.46805
1 0.139976 0.47676 0.383263
-1 0.080334 0.378231 0.541435
1 0.102656 0.540829 0.356515
1 0.123895 0.584658 0.291447
1 0.10427 0.565599 0.330131
-1 0.0825419 0.293375 0.624083
1 0.0968216 0.602727 0.300451
1 0.188989 0.530952 0.280059
1 0.231626 0.481399 0.286975
-1 0.182172 0.389033 0.428794
1 0.341405 0.416311 0.242284
1 0.316901 0.403654 0.279445
1 0.301074 0.4441 0.254826
-1 0.181516 0.382933 0.435552
0 0.499769 0.179537 0.320694
1 0.28463 0.421261 0.294109
-1 0.184256 0.352814 0.46293
1 0.211643 0.440924 0.347432
1 0.371242 0.489492 0.139265
0 0.405191 0.242591 0.352217
0 0.745402 0.117624 0.136974
0 0.525757 0.200997 0.273246
-1 0.377971 0.210397 0.411632
0 0.467463 0.253198 0.279338
-1 0.302174 0.333027 0.3648
0 0.533788 0.332182 0.13403
0 0.596191 0.278545 0.125264
0 0.549208 0.278741 0.172051
0 0.73106 0.1119 0.15704
0 0.663827 0.149274 0.186899
0 0.675748 0.141601 0.182651
0 0.654358 0.135513 0.210128
0 0.457305 0.173098 0.369597
0 0.647526 0.119968 0.232506
0 0.777928 0.135454 0.0866182
0 0.603417 0.288282 0.108301
0 0.692595 0.20325 0.104156
-1 0.149661 0.340871 0.509468
0 0.393257 0.266853 0.339891
0 0.405448 0.225705 0.368847
0 0.515715 0.279287 0.204998
-1 0.349537 0.195189 0.455274
0 0.557869 0.191518 0.250613
0 0.353579 0.324271 0.32215
-1 0.338601 0.31496 0.346439
-1 0.280019 0.287794 0.432187
-1 0.261951 0.266145 0.471904
-1 0.199843 0.361538 0.438618
1 0.36585 0.433347 0.200803
0 0.412654 0.318579 0.268766
1 0.143403 0.55192 0.304677
-1 0.187435 0.185813 0.626752
1 0.0909108 0.472404 0.436685
-1 0.147115 0.366646 0.486239
-1 0.12969 0.402964 0.467346
-1 0.151574 0.415018 0.433409
1 0.34757 0.464604 0.187827
-1 0.283193 0.311439 0.405369
0 0.423298 0.317543 0.259158
-1 0.312494 0.308129 0.379377
-1 0.257424 0.309842 0.432734
-1 0.090435 0.442742 0.466823
1 0.103783 0.499642 0.396574
-1 0.104533 0.246679 0.648787
1 0.0983508 0.523357 0.378293
1 0.291983 0.376203 0.331814
-1 0.174978 0.360928 0.464095
-1 0.283267 0.29795 0.418783
-1 0.162655 0.409936 0.427409
-1 0.159179 0.192375 0.648446
1 0.137628 0.448626 0.413746
1 0.128498 0.504851 0.366651
-1 0.124437 0.30143 0.574133
-1 0.149859 0.330328 0.519813
-1 0.12183 0.423261 0.454909
1 0.0904922 0.530629 0.378879
-1 0.12642 0.430619 0.442961
-1 0.127334 0.42821 0.444456
1 0.134208 0.658775 0.207017
1 0.197145 0.498937 0.303918
-1 0.0821909 0.442079 0.47573
-1 0.0867654 0.40966 0.503575
1 0.158963 0.647601 0.193436
1 0.148194 0.659251 0.192555
1 0.177402 0.411881 0.410717
0 0.381246 0.242061 0.376693
0 0.382482 0.238639 0.378879
0 0.428522 0.275395 0.296083
0 0.617384 0.248174 0.134442
0 0.521706 0.280864 0.197431
0 0.565616 0.260228 0.174156
0 0.574939 0.221827 0.203234
0 0.585694 0.185798 0.228508
-1 0.326559 0.111958 0.561483
0 0.783798 0.109501 0.106701
0 0.636136 0.228887 0.134977
0 0.845723 0.111462 0.0428147
-1 0.216583 0.306488 0.476929
0 0.395423 0.34325 0.261327
-1 0.213256 0.236313 0.550431
-1 0.254564 0.228966 0.51647
1 0.206978 0.655849 0.137174
-1 0.280913 0.272293 0.446794
1 0.259072 0.469228 0.2717
0 0.408291 0.337574 0.254135
0 0.380064 0.319301 0.300635
1 0.204597 0.505304 0.290099
1 0.0419412 0.848057 0.110002
-1 0.152522 0.182576 0.664902
1 0.282157 0.539934 0.177908
0 0.451629 0.305874 0.242497
1 0.322279 0.424797 0.252924
-1 0.414961 0.158844 0.426195
0 0.382372 0.277948 0.33968
-1 0.269249 0.291318 0.439433
1 0.319096 0.417559 0.263345
0 0.387564 0.375912 0.236524
0 0.505336 0.279179 0.215485
0 0.487054 0.281131 0.231815
0 0.447491 0.283273 0.269236
0 0.426916 0.353115 0.219969
0 0.501026 0.327469 0.171505
0 0.526066 0.302309 0.171625
0 0.504483 0.229068 0.266449
-1 0.278828 0.287229 0.433944
-1 0.272896 0.254472 0.472632
1 0.286882 0.388229 0.324889
1 0.305731 0.464018 0.23025
0 0.419265 0.259257 0.321478
0 0.349643 0.334194 0.316164
-1 0.22311 0.249854 0.527035
0 0.531494 0.392763 0.0757435
-1 0.379075 0.183682 0.437243
-1 0.267002 0.244199 0.488799
-1 0.316886 0.32706 0.356054
0 0.47027 0.375429 0.154301
0 0.443083 0.298183 0.258734
0 0.605272 0.132629 0.2621
0 0.637389 0.189768 0.172843
0 0.426911 0.190346 0.382743
0 0.508768 0.349522 0.141709
0 0.438467 0.195753 0.36578
-1 0.298212 0.292743 0.409045
-1 0.325233 0.259049 0.415717
-1 0.166821 0.223163 0.610016
-1 0.265361 0.334153 0.400485
1 0.159061 0.550605 0.290334
-1 0.239066 0.319391 0.441542
-1 0.160242 0.334858 0.5049
0 0.44373 0.411343 0.144927
-1 0.310376 0.319098 0.370527
0 0.463856 0.247919 0.288225
1 0.341467 0.36095 0.297583
-1 0.245694 0.369165 0.385141
1 0.103813 0.514514 0.381673
-1 0.0973616 0.337404 0.565234
1 0.373172 0.432627 0.194201
1 0.348813 0.421751 0.229436
0 0.595723 0.221802 0.182475
0 0.47426 0.13276 0.39298
0 0.402605 0.233116 0.364279
-1 0.0806496 0.331879 0.587472
-1 0.219549 0.272454 0.507997
1 0.157486 0.477842 0.364673
1 0.163744 0.601374 0.234882
1 0.355444 0.494338 0.150219
1 0.268895 0.428328 0.302777
-1 0.414777 0.132769 0.452453
0 0.466749 0.167635 0.365615
0 0.431514 0.257879 0.310607
-1 0.312605 0.254142 0.433253
0 0.55031 0.322597 0.127093
-1 0.224715 0.372821 0.402465
-1 0.23234 0.343509 0.424151
-1 0.351242 0.268815 0.379943
-1 0.223126 0.310762 0.466112
0 0.647951 0.226493 0.125557
-1 0.310953 0.262884 0.426163
0 0.422394 0.304554 0.273052
1 0.215311 0.583512 0.201177
-1 0.209595 0.215723 0.574682
1 0.204962 0.504691 0.290346
1 0.313555 0.409679 0.276766
1 0.295935 0.450738 0.253326
0 0.518262 0.348918 0.13282
0 0.427561 0.24256 0.32988
0 0.568661 0.217327 0.214012
0 0.556981 0.198417 0.244602
0 0.685852 0.126925 0.187223
0 0.53463 0.213338 0.252031
0 0.473332 0.252274 0.274393
-1 0.221155 0.32658 0.452265
-1 0.355337 0.284676 0.359987
1 0.171553 0.507719 0.320727
-1 0.229446 0.243722 0.526832
1 0.238938 0.428264 0.332798
-1 0.207692 0.206519 0.585788
1 0.278941 0.365756 0.355303
1 0.343259 0.379635 0.277106
1 0.250488 0.515127 0.234385
1 0.279518 0.598555 0.121927
-1 0.0708835 0.0952742 0.833842
1 0.166404 0.510564 0.323032
-1 0.136951 0.36609 0.496959
-1 0.160713 0.359061 0.480225
-1 0.198405 0.366376 0.435219
1 0.203677 0.446879 0.349443
-1 0.21814 0.375624 0.406236
0 0.453926 0.369353 0.176721
0 0.503796 0.269187 0.227017
-1 0.374814 0.197688 0.427499
0 0.434793 0.276052 0.289155
0 0.508702 0.281911 0.209387
0 0.450354 0.240516 0.30913
0 0.587785 0.25879 0.153425
0 0.591428 0.243751 0.164821
-1 0.222738 0.275706 0.501557
-1 0.27585 0.341365 0.382785
0 0.476405 0.306313 0.217282
0 0.457096 0.265437 0.277467
0 0.683083 0.245938 0.0709791
0 0.654925 0.208334 0.136741
0 0.799677 0.117755 0.0825681
0 0.488865 0.252634 0.258501
0 0.629079 0.146948 0.223972
0 0.530406 0.239076 0.230518
-1 0.267802 0.299139 0.433059
-1 0.294936 0.313739 0.391325
-1 0.271909 0.322927 0.405164
-1 0.271391 0.210229 0.51838
-1 0.301906 0.270037 0.428057
-1 0.272955 0.294473 0.432572
-1 0.162925 0.32984 0.507235
-1 0.205341 0.226478 0.568181
0 0.390525 0.36398 0.245495
1 0.29621 0.407043 0.296747
