labels 0 1 -1
-1 0.250042 0.34868 0.401278
1 0.0287545 0.928558 0.0426874
1 0.0347128 0.88666 0.0786273
-1 0.0283234 0.416434 0.555242
1 0.0131937 0.713916 0.27289
1 0.0065255 0.845553 0.147921
-1 0.00511416 0.246738 0.748148
1 0.0176025 0.517405 0.464992
1 0.0210059 0.575929 0.403065
1 0.00235109 0.918072 0.0795772
1 0.0033761 0.864915 0.131709
1 0.00140657 0.992955 0.00563814
1 0.00712327 0.927231 0.0656462
1 0.00442989 0.948659 0.0469115
1 0.00165836 0.952213 0.046129
1 0.00216889 0.993507 0.00432439
1 0.0150823 0.873098 0.111819
1 0.00804581 0.983646 0.00830842
1 0.033421 0.705626 0.260953
1 0.0214452 0.928093 0.0504614
1 0.0371583 0.924364 0.0384779
1 0.0722546 0.913251 0.0144941
0 0.608247 0.237362 0.154391
1 0.299172 0.479742 0.221086
-1 0.291965 0.241715 0.46632
1 0.362317 0.470993 0.166689
1 0.447547 0.484214 0.0682388
0 0.809871 0.177046 0.0130829
0 0.906039 0.0462202 0.0477409
0 0.821968 0.0865408 0.0914908
0 0.7631 0.102083 0.134817
0 0.832436 0.0963046 0.0712598
0 0.794371 0.142683 0.0629461
0 0.896726 0.0615893 0.0416852
0 0.861979 0.0758122 0.0622088
0 0.919521 0.06334 0.0171391
0 0.904152 0.0808749 0.0149729
0 0.989517 0.00600163 0.0044816
0 0.95082 0.0228078 0.0263723
0 0.912803 0.0257765 0.0614205
0 0.815901 0.0546589 0.12944
0 0.595891 0.0405643 0.363545
0 0.675739 0.0224189 0.301842
0 0.777334 0.0519469 0.170719
0 0.822814 0.020731 0.156455
-1 0.444446 0.0185489 0.537005
0 0.647983 0.0708149 0.281202
-1 0.393125 0.029017 0.577858
0 0.936343 0.0366524 0.0270049
0 0.87162 0.0319164 0.0964637
0 0.90496 0.0253877 0.069652
0 0.738263 0.0325134 0.229224
0 0.650856 0.124736 0.224408
-1 0.479788 0.0327558 0.487456
0 0.514905 0.0465382 0.438557
-1 0.197049 0.0332974 0.769654
1 0.360849 0.460855 0.178296
0 0.640038 0.195276 0.164686
-1 0.448856 0.0676386 0.483506
-1 0.309874 0.0465106 0.643615
-1 0.124908 0.393762 0.481331
-1 0.210915 0.141558 0.647528
-1 0.206303 0.107228 0.686469
-1 0.168435 0.125885 0.70568
-1 0.259119 0.0738602 0.667021
-1 0.242033 0.240689 0.517278
0 0.502261 0.178645 0.319094
1 0.298684 0.470908 0.230409
0 0.363483 0.279012 0.357505
-1 0.116539 0.275097 0.608364
1 0.0818018 0.659358 0.25884
-1 0.151374 0.127541 0.721085
-1 0.0987252 0.113433 0.787841
-1 0.152637 0.236275 0.611088
-1 0.182276 0.260338 0.557386
-1 0.0989978 0.243373 0.657629
1 0.156936 0.731222 0.111842
-1 0.0738572 0.422889 0.503254
1 0.132514 0.616523 0.250964
1 0.132914 0.567759 0.299327
1 0.146708 0.560406 0.292886
1 0.108772 0.692114 0.199113
1 0.11643 0.746962 0.136608
1 0.101625 0.813069 0.0853061
1 0.0886407 0.750558 0.160801
1 0.0774631 0.824941 0.0975955
1 0.0309309 0.928205 0.0408642
-1 0.101329 0.303858 0.594813
1 0.0564481 0.843732 0.09982
1 0.0696942 0.768126 0.16218
1 0.408003 0.424146 0.167852
0 0.515543 0.333941 0.150516
0 0.611544 0.269989 0.118467
0 0.918881 0.0407361 0.0403825
0 0.852235 0.116476 0.0312892
0 0.909269 0.0385278 0.0522028
0 0.961232 0.0204177 0.0183502
0 0.930209 0.0578435 0.0119475
0 0.964343 0.0273867 0.00827046
0 0.974613 0.0126118 0.012775
0 0.984718 0.0070662 0.00821552
0 0.947656 0.01602 0.0363243
0 0.971343 0.00711286 0.0215438
0 0.923607 0.0717387 0.00465411
0 0.984276 0.0111885 0.00453536
0 0.921106 0.0446927 0.0342012
0 0.933692 0.0384926 0.0278157
0 0.956704 0.0267133 0.0165829
0 0.937579 0.0156281 0.046793
0 0.932177 0.051345 0.0164783
0 0.948975 0.0284466 0.0225782
0 0.98784 0.00427316 0.00788729
0 0.991633 0.00251675 0.00585047
0 0.982254 0.00894189 0.00880378
0 0.972281 0.0145788 0.01314
0 0.569099 0.345821 0.0850795
0 0.60942 0.153388 0.237192
0 0.657041 0.234561 0.108397
0 0.88648 0.0748818 0.0386382
0 0.861433 0.0676874 0.0708798
0 0.953396 0.019519 0.0270849
0 0.875873 0.0508235 0.0733039
0 0.73186 0.0237727 0.244368
0 0.703557 0.185681 0.110762
0 0.876741 0.0953053 0.0279539
0 0.905034 0.09338 0.00158571
0 0.990251 0.00636224 0.00338681
0 0.98934 0.0082332 0.00242678
0 0.985147 0.0120846 0.0027686
0 0.986781 0.0118122 0.00140666
0 0.995366 0.00370972 0.000924218
0 0.991596 0.00620715 0.00219683
0 0.967718 0.0180263 0.0142557
0 0.974582 0.0107848 0.0146337
0 0.978954 0.00456206 0.0164837
0 0.973478 0.0152159 0.0113065
0 0.951534 0.0145528 0.0339135
0 0.976187 0.0195982 0.00421486
0 0.922584 0.0183869 0.0590296
0 0.992774 0.00349446 0.00373126
0 0.984426 0.00983249 0.00574152
0 0.983494 0.00920324 0.00730317
0 0.955228 0.0125237 0.0322487
0 0.979785 0.0132458 0.0069695
0 0.987123 0.00868163 0.00419508
0 0.998507 0.000695238 0.000797977
0 0.994369 0.00130113 0.00432971
0 0.978885 0.00325995 0.0178546
0 0.977732 0.00676647 0.0155012
0 0.940564 0.0265787 0.0328578
0 0.967603 0.0129379 0.0194595
0 0.938678 0.0391176 0.022204
0 0.927144 0.0295012 0.0433552
0 0.871542 0.0155492 0.112909
0 0.845439 0.0477246 0.106836
0 0.820985 0.0189964 0.160019
0 0.836403 0.0175267 0.14607
0 0.966031 0.00384053 0.0301284
0 0.88298 0.0156204 0.1014
0 0.953968 0.0031508 0.0428817
0 0.914191 0.00720204 0.0786067
0 0.80953 0.0137418 0.176729
0 0.787669 0.0344561 0.177875
0 0.857327 0.0389206 0.103753
0 0.968469 0.00908549 0.0224454
0 0.974324 0.0198928 0.00578368
0 0.967445 0.00754029 0.0250144
0 0.964338 0.00968361 0.0259789
0 0.90303 0.0189184 0.0780512
0 0.64008 0.0993973 0.260523
-1 0.46415 0.0663767 0.469474
-1 0.246075 0.251375 0.50255
0 0.523498 0.307028 0.169474
0 0.682876 0.200104 0.11702
0 0.913956 0.0301326 0.0559112
0 0.960634 0.0268662 0.0124994
0 0.962807 0.010782 0.0264113
0 0.968577 0.0139639 0.0174586
0 0.929718 0.0176114 0.052671
0 0.973175 0.0184337 0.00839143
0 0.762878 0.194548 0.042574
0 0.870625 0.0112215 0.118154
0 0.900181 0.0421844 0.0576342
0 0.860024 0.115535 0.024441
0 0.961657 0.00950472 0.0288385
0 0.828126 0.0610776 0.110797
0 0.808023 0.043837 0.14814
0 0.610415 0.0995504 0.290035
0 0.546494 0.049269 0.404237
0 0.574927 0.0918022 0.333271
0 0.534436 0.0733016 0.392262
0 0.463185 0.263373 0.273442
-1 0.282899 0.210328 0.506772
-1 0.383799 0.0818168 0.534384
-1 0.24896 0.216786 0.534254
0 0.577978 0.317494 0.104528
-1 0.42044 0.0665273 0.513033
-1 0.368066 0.1071 0.524833
0 0.412537 0.191584 0.395879
-1 0.289295 0.0755887 0.635117
1 0.25395 0.646368 0.099682
-1 0.145369 0.0925017 0.762129
-1 0.0820406 0.127341 0.790618
-1 0.0640445 0.457257 0.478699
-1 0.0431851 0.301137 0.655678
-1 0.122867 0.195168 0.681965
-1 0.127592 0.114323 0.758085
-1 0.109458 0.225724 0.664818
1 0.161086 0.604623 0.234291
-1 0.0507844 0.289098 0.660118
-1 0.0489149 0.0295569 0.921528
-1 0.0243244 0.1055 0.870176
-1 0.0454589 0.121982 0.832559
-1 0.0428595 0.257975 0.699166
-1 0.0768731 0.258867 0.66426
1 0.121011 0.463626 0.415363
1 0.231591 0.574511 0.193898
1 0.302766 0.450741 0.246494
0 0.486773 0.167771 0.345457
0 0.374502 0.260785 0.364713
0 0.477521 0.475811 0.0466678
0 0.49255 0.287929 0.219521
1 0.415454 0.512697 0.0718487
1 0.164035 0.80444 0.0315252
1 0.364024 0.489898 0.146078
0 0.457912 0.389725 0.152363
0 0.555272 0.404051 0.0406773
0 0.796945 0.156299 0.046756
0 0.914865 0.0751302 0.0100053
0 0.815598 0.110188 0.0742137
0 0.824374 0.0784918 0.0971341
0 0.721263 0.198664 0.0800734
0 0.725152 0.0301156 0.244732
0 0.662079 0.191546 0.146375
-1 0.473398 0.049622 0.47698
0 0.663 0.130335 0.206666
-1 0.356311 0.0133604 0.630329
-1 0.19094 0.0514137 0.757646
-1 0.170937 0.187809 0.641254
-1 0.119468 0.370785 0.509748
-1 0.0162034 0.0228614 0.960935
-1 0.044702 0.0237024 0.931596
-1 0.323021 0.239401 0.437577
1 0.218261 0.472228 0.309511
