labels 1 0 -1
-1 0.191934 0.371992 0.436074
-1 0.316313 0.265031 0.418656
-1 0.221991 0.160085 0.617925
-1 0.114204 0.0309204 0.854876
1 0.654988 0.151968 0.193044
-1 0.144466 0.106789 0.748744
0 0.297242 0.491521 0.211237
1 0.6873 0.173244 0.139456
-1 0.350433 0.0980216 0.551545
0 0.261098 0.47595 0.262952
0 0.130374 0.845955 0.0236714
1 0.515383 0.182447 0.30217
-1 0.325713 0.248398 0.425888
-1 0.182563 0.101901 0.715536
1 0.462924 0.307961 0.229115
-1 0.212839 0.152869 0.634292
0 0.392516 0.475329 0.132155
-1 0.252502 0.269933 0.477565
-1 0.31412 0.261781 0.424099
1 0.504601 0.0803662 0.415033
-1 0.315304 0.185302 0.499394
1 0.483918 0.335335 0.180747
1 0.446599 0.145186 0.408215
0 0.32919 0.468071 0.202738
-1 0.213517 0.160933 0.62555
0 0.280702 0.42798 0.291318
0 0.0422807 0.640878 0.316841
0 0.0317229 0.937262 0.0310152
0 0.113318 0.650438 0.236244
0 0.0954763 0.620511 0.284013
1 0.566674 0.0651318 0.368194
-1 0.0511571 0.368167 0.580676
-1 0.253367 0.29289 0.453744
-1 0.213332 0.0581568 0.728511
-1 0.0968444 0.0794632 0.823692
-1 0.152212 0.0716191 0.776169
-1 0.178747 0.0698927 0.751361
-1 0.385106 0.108015 0.506879
0 0.366293 0.464994 0.168713
1 0.51167 0.285266 0.203064
-1 0.373521 0.141567 0.484912
1 0.648212 0.0582973 0.293491
0 0.372971 0.416937 0.210092
-1 0.336041 0.261999 0.40196
1 0.653508 0.19367 0.152822
1 0.553229 0.179896 0.266875
1 0.854443 0.0453622 0.100195
-1 0.340542 0.179056 0.480403
-1 0.183128 0.243373 0.5735
1 0.558476 0.276898 0.164626
0 0.116222 0.594208 0.289569
0 0.0209345 0.956288 0.0227776
0 0.106119 0.518962 0.374919
1 0.587788 0.256977 0.155234
1 0.420048 0.217027 0.362925
1 0.445966 0.290967 0.263066
-1 0.328837 0.133875 0.537287
1 0.583905 0.191508 0.224587
1 0.57441 0.0737738 0.351816
0 0.378655 0.382554 0.238791
-1 0.382334 0.0967547 0.520911
1 0.490971 0.237284 0.271745
-1 0.195683 0.311158 0.493159
0 0.0936277 0.810417 0.0959555
0 0.106483 0.758621 0.134896
0 0.418511 0.491328 0.090161
1 0.44845 0.196751 0.354799
-1 0.219847 0.208801 0.571352
-1 0.326076 0.223962 0.449961
0 0.267439 0.454225 0.278336
1 0.452665 0.137597 0.409738
1 0.3788 0.244606 0.376594
1 0.719168 0.128349 0.152483
1 0.494669 0.420448 0.0848833
1 0.468169 0.316547 0.215285
1 0.73271 0.178304 0.0889862
1 0.631037 0.235994 0.132968
1 0.69968 0.130254 0.170066
1 0.582621 0.223698 0.193681
1 0.729841 0.200934 0.0692242
1 0.713746 0.111912 0.174343
-1 0.418566 0.138464 0.44297
0 0.261191 0.441474 0.297336
1 0.531313 0.281824 0.186863
1 0.695656 0.100529 0.203815
1 0.472603 0.207365 0.320032
0 0.0742241 0.778778 0.146998
0 0.085183 0.646727 0.26809
-1 0.108854 0.42213 0.469016
-1 0.164173 0.243205 0.592622
0 0.221286 0.530617 0.248097
0 0.411759 0.537941 0.0502994
1 0.655072 0.117188 0.22774
-1 0.287421 0.186585 0.525994
1 0.384354 0.310911 0.304734
-1 0.465523 0.063783 0.470694
-1 0.148019 0.35278 0.499201
1 0.713882 0.132401 0.153718
1 0.473527 0.164435 0.362038
-1 0.336109 0.115485 0.548406
1 0.409569 0.236431 0.354001
1 0.702459 0.0813535 0.216188
-1 0.387518 0.155837 0.456646
0 0.0778583 0.531724 0.390417
-1 0.0594184 0.367257 0.573325
-1 0.0985976 0.404678 0.496724
1 0.590825 0.223877 0.185298
1 0.577194 0.284961 0.137845
1 0.694121 0.0747096 0.231169
1 0.534717 0.188301 0.276982
-1 0.185436 0.193838 0.620726
-1 0.188794 0.110595 0.700611
-1 0.290848 0.198667 0.510486
1 0.729325 0.106948 0.163727
0 0.27753 0.505326 0.217144
0 0.348243 0.465774 0.185983
1 0.526918 0.214902 0.258179
0 0.237511 0.398352 0.364137
-1 0.199318 0.174395 0.626286
1 0.528926 0.373489 0.097585
1 0.729118 0.217387 0.0534957
1 0.825345 0.128326 0.0463298
1 0.653288 0.284991 0.0617211
0 0.155682 0.450942 0.393376
0 0.397272 0.53119 0.0715383
1 0.446552 0.372653 0.180796
-1 0.287384 0.106225 0.606391
-1 0.358911 0.227883 0.413206
1 0.494351 0.405658 0.0999905
-1 0.308461 0.245661 0.445879
1 0.443196 0.151075 0.405729
1 0.874407 0.0497036 0.0758896
1 0.561394 0.356385 0.0822205
1 0.461367 0.123612 0.415021
1 0.515637 0.124203 0.36016
0 0.267382 0.513668 0.218949
0 0.289203 0.433742 0.277055
0 0.183662 0.481341 0.334997
0 0.105946 0.472518 0.421535
1 0.365807 0.340383 0.29381
1 0.629862 0.122152 0.247986
-1 0.266018 0.082198 0.651784
-1 0.252483 0.148127 0.599389
-1 0.186596 0.0315413 0.781863
-1 0.241886 0.18364 0.574473
1 0.781954 0.107239 0.110807
1 0.547173 0.168748 0.284079
0 0.29141 0.427975 0.280615
0 0.0859286 0.794577 0.119494
-1 0.319431 0.235509 0.44506
-1 0.075124 0.083091 0.841785
-1 0.110688 0.21086 0.678453
-1 0.197368 0.215901 0.586731
-1 0.246836 0.0892802 0.663884
-1 0.296411 0.269931 0.433659
-1 0.21747 0.0789667 0.703564
1 0.630863 0.245979 0.123159
-1 0.258071 0.0592507 0.682678
-1 0.361228 0.162046 0.476725
1 0.513861 0.372356 0.113783
-1 0.446622 0.0576543 0.495724
0 0.138068 0.482419 0.379513
0 0.265179 0.594466 0.140355
0 0.238946 0.391049 0.370005
-1 0.398731 0.165577 0.435691
-1 0.184036 0.165767 0.650197
1 0.585715 0.141315 0.27297
1 0.599091 0.122656 0.278253
1 0.620158 0.167095 0.212747
-1 0.13047 0.339408 0.530122
-1 0.108518 0.0720088 0.819473
-1 0.171729 0.16407 0.664202
1 0.562439 0.169004 0.268557
1 0.555069 0.270925 0.174005
1 0.482157 0.0689728 0.44887
1 0.850624 0.0784264 0.0709499
1 0.737373 0.190673 0.0719538
1 0.581029 0.200019 0.218952
-1 0.167627 0.40168 0.430693
-1 0.083858 0.17031 0.745832
-1 0.0406138 0.410894 0.548493
0 0.146368 0.4463 0.407331
0 0.393896 0.404889 0.201215
-1 0.306831 0.317777 0.375392
-1 0.427044 0.0630868 0.50987
-1 0.359156 0.247039 0.393805
-1 0.344275 0.0995913 0.556133
1 0.557458 0.120508 0.322034
1 0.806805 0.0627399 0.130456
1 0.61696 0.133867 0.249173
1 0.685794 0.109674 0.204532
1 0.826878 0.112734 0.0603882
1 0.759655 0.179378 0.0609677
1 0.42768 0.231584 0.340735
-1 0.0943413 0.0690151 0.836644
1 0.422263 0.269813 0.307923
1 0.679792 0.278702 0.0415057
0 0.0502584 0.870668 0.0790738
0 0.251036 0.501169 0.247795
0 0.36224 0.378181 0.259578
1 0.619627 0.368106 0.0122672
1 0.927141 0.0485351 0.0243235
1 0.573916 0.402968 0.0231165
0 0.050952 0.933225 0.0158231
0 0.0982067 0.676156 0.225637
0 0.202813 0.665031 0.132157
0 0.305012 0.46654 0.228448
0 0.251443 0.670033 0.0785237
1 0.57744 0.152796 0.269765
1 0.40948 0.30296 0.287561
1 0.768387 0.067794 0.163819
-1 0.094622 0.0629818 0.842396
-1 0.341694 0.133518 0.524788
-1 0.22866 0.246791 0.524549
-1 0.185055 0.274803 0.540142
1 0.81929 0.10164 0.07907
1 0.634861 0.0834191 0.28172
-1 0.409992 0.0915967 0.498412
1 0.830367 0.0580437 0.111589
1 0.60578 0.126307 0.267913
1 0.768136 0.0563006 0.175564
0 0.199444 0.533764 0.266792
-1 0.101291 0.0793878 0.819321
0 0.165128 0.458614 0.376258
0 0.188247 0.511651 0.300102
1 0.490049 0.333774 0.176177
-1 0.268792 0.235287 0.495922
-1 0.105269 0.282107 0.612624
-1 0.237127 0.170463 0.59241
-1 0.368592 0.160814 0.470594
-1 0.431701 0.042736 0.525563
-1 0.126039 0.17052 0.703441
1 0.658243 0.210327 0.13143
0 0.227782 0.662115 0.110104
0 0.131913 0.659382 0.208706
-1 0.100923 0.0617819 0.837295
-1 0.220411 0.312198 0.467391
-1 0.14789 0.0317898 0.820321
-1 0.303655 0.175649 0.520697
-1 0.249153 0.169112 0.581735
-1 0.118866 0.173854 0.70728
-1 0.176126 0.229843 0.594031
-1 0.380908 0.225761 0.39333
-1 0.104533 0.147176 0.748291
1 0.634495 0.260687 0.104818
1 0.740354 0.10393 0.155715
-1 0.176739 0.110781 0.712479
-1 0.125001 0.0818642 0.793135
0 0.232677 0.601296 0.166028
