labels 0 -1 1
0 0.495858 0.396845 0.107297
0 0.442848 0.328057 0.229094
1 0.329182 0.245415 0.425403
0 0.359751 0.298881 0.341368
1 0.163332 0.142824 0.693844
0 0.482324 0.273283 0.244393
-1 0.349581 0.353471 0.296948
0 0.400619 0.295291 0.30409
1 0.295924 0.316269 0.387807
-1 0.236472 0.644174 0.119354
0 0.471216 0.470017 0.0587668
0 0.407716 0.255406 0.336878
0 0.621275 0.213194 0.165531
1 0.354197 0.175085 0.470718
0 0.463061 0.335049 0.20189
1 0.428257 0.0271978 0.544545
1 0.0343182 0.0938127 0.871869
0 0.884026 0.0753563 0.0406176
0 0.53828 0.340806 0.120914
1 0.0707863 0.140866 0.788348
1 0.184981 0.294883 0.520136
1 0.117386 0.372796 0.509818
1 0.194122 0.286648 0.519231
0 0.391219 0.380416 0.228364
1 0.33035 0.323213 0.346437
0 0.498825 0.31847 0.182705
-1 0.389765 0.564081 0.046154
1 0.183573 0.312673 0.503755
-1 0.335507 0.559153 0.10534
-1 0.333309 0.529315 0.137376
1 0.296686 0.277555 0.425759
-1 0.390665 0.404239 0.205096
1 0.129024 0.430465 0.440511
-1 0.304013 0.561362 0.134625
-1 0.215484 0.613999 0.170517
-1 0.232697 0.449849 0.317454
1 0.232574 0.325673 0.441754
1 0.0642787 0.122188 0.813534
1 0.227174 0.212038 0.560787
0 0.450448 0.436672 0.11288
-1 0.216546 0.570351 0.213104
1 0.113614 0.236339 0.650047
1 0.21913 0.0908189 0.690051
1 0.284277 0.171066 0.544657
0 0.497889 0.279755 0.222356
0 0.490679 0.19825 0.311071
1 0.188104 0.188995 0.622902
1 0.162238 0.233155 0.604607
0 0.488718 0.204811 0.30647
1 0.386265 0.178238 0.435497
1 0.231772 0.241205 0.527023
0 0.493874 0.344201 0.161925
0 0.850657 0.14277 0.00657262
0 0.591571 0.328189 0.0802397
0 0.721191 0.144024 0.134784
0 0.525845 0.0818689 0.392286
1 0.405371 0.164264 0.430365
1 0.267544 0.155007 0.577448
1 0.240349 0.0612655 0.698385
1 0.309705 0.34054 0.349755
1 0.141567 0.28015 0.578283
1 0.323999 0.223501 0.452499
1 0.244044 0.209712 0.546245
1 0.355567 0.249092 0.395341
-1 0.223494 0.446205 0.330301
1 0.237251 0.30072 0.462029
-1 0.334695 0.35649 0.308815
-1 0.192861 0.41022 0.396919
-1 0.242255 0.435437 0.322308
0 0.374064 0.348389 0.277547
-1 0.217486 0.431823 0.350691
1 0.248854 0.317831 0.433315
1 0.153089 0.206584 0.640327
1 0.187549 0.150432 0.662019
1 0.250913 0.260902 0.488185
1 0.27319 0.169138 0.557672
1 0.161504 0.240463 0.598033
1 0.236823 0.17928 0.583898
1 0.159322 0.274147 0.566531
1 0.289485 0.248243 0.462272
0 0.459927 0.165406 0.374667
1 0.139542 0.270422 0.590036
1 0.137919 0.209814 0.652267
1 0.164412 0.183439 0.652149
1 0.15986 0.205341 0.634799
1 0.135232 0.257474 0.607294
1 0.166971 0.237973 0.595057
1 0.27998 0.311906 0.408114
-1 0.334535 0.440273 0.225192
-1 0.216605 0.642186 0.141208
-1 0.194639 0.408331 0.39703
0 0.638424 0.2211 0.140476
1 0.199516 0.246808 0.553675
1 0.226989 0.103033 0.669978
1 0.413616 0.142022 0.444363
1 0.211543 0.258572 0.529885
1 0.201199 0.380093 0.418708
1 0.187559 0.199547 0.612894
1 0.138922 0.27647 0.584609
1 0.113522 0.394142 0.492336
1 0.125093 0.272468 0.602438
1 0.181241 0.285605 0.533153
1 0.151983 0.229057 0.618959
1 0.187814 0.32297 0.489217
0 0.384602 0.362645 0.252753
1 0.167473 0.261727 0.5708
1 0.209227 0.305694 0.485078
1 0.231195 0.136759 0.632046
1 0.254109 0.233791 0.5121
0 0.433714 0.179537 0.386749
0 0.443547 0.37437 0.182083
1 0.204494 0.296007 0.499499
1 0.164075 0.314168 0.521756
0 0.404102 0.242622 0.353276
1 0.193519 0.131297 0.675184
0 0.619626 0.185922 0.194452
0 0.615202 0.194703 0.190096
1 0.362348 0.158209 0.479443
-1 0.348912 0.41784 0.233248
1 0.395986 0.0737896 0.530225
0 0.824027 0.0459838 0.129989
0 0.831629 0.0393766 0.128994
0 0.813336 0.0733504 0.113313
0 0.631713 0.168978 0.199309
0 0.807401 0.141084 0.0515153
0 0.881031 0.0435398 0.0754291
0 0.676506 0.169169 0.154325
0 0.661324 0.0860346 0.252641
0 0.707223 0.156514 0.136264
0 0.73515 0.210682 0.0541673
0 0.751014 0.197475 0.0515113
0 0.714406 0.141534 0.144061
0 0.737963 0.0368882 0.225149
0 0.887624 0.0706059 0.0417697
0 0.903267 0.0591565 0.0375765
0 0.880046 0.0960285 0.0239254
0 0.501949 0.413471 0.0845798
0 0.630659 0.309433 0.0599076
0 0.618674 0.335417 0.0459089
0 0.766815 0.161268 0.0719172
0 0.519534 0.0963894 0.384077
0 0.625554 0.243796 0.13065
1 0.323421 0.255181 0.421398
1 0.263706 0.259241 0.477053
1 0.215961 0.170303 0.613737
1 0.104855 0.226844 0.668301
0 0.395109 0.380053 0.224838
-1 0.171657 0.421216 0.407127
-1 0.43514 0.454926 0.109934
-1 0.32068 0.604358 0.0749628
0 0.407897 0.29535 0.296753
0 0.363717 0.357361 0.278921
1 0.186366 0.350197 0.463437
1 0.245088 0.289209 0.465702
1 0.169802 0.209741 0.620457
1 0.270114 0.187321 0.542565
0 0.421056 0.220059 0.358885
1 0.0933761 0.198504 0.70812
1 0.0736875 0.205389 0.720924
1 0.109141 0.405424 0.485434
1 0.168123 0.289986 0.541891
-1 0.29307 0.466024 0.240906
-1 0.216639 0.410202 0.373158
-1 0.293032 0.389284 0.317684
1 0.221173 0.211579 0.567248
1 0.14829 0.212378 0.639332
-1 0.325965 0.377606 0.296429
1 0.203221 0.237127 0.559651
1 0.354426 0.161761 0.483813
-1 0.453134 0.472367 0.0744993
1 0.240554 0.161602 0.597844
1 0.225065 0.298517 0.476418
1 0.196716 0.321616 0.481668
1 0.278509 0.138633 0.582858
1 0.283666 0.16563 0.550704
1 0.123955 0.0705886 0.805456
0 0.967628 0.00948288 0.022889
1 0.474985 0.0416679 0.483347
0 0.897767 0.0856813 0.0165513
0 0.830322 0.113247 0.0564303
0 0.695875 0.233196 0.0709289
-1 0.290769 0.627284 0.081947
0 0.467853 0.301861 0.230287
0 0.541165 0.268612 0.190222
0 0.518128 0.0259818 0.45589
0 0.866904 0.0385545 0.0945417
0 0.744901 0.0324836 0.222616
1 0.236708 0.160976 0.602317
1 0.0963907 0.159627 0.743982
0 0.482602 0.111821 0.405577
1 0.304972 0.108273 0.586755
0 0.622091 0.035016 0.342893
0 0.949286 0.00897238 0.0417421
0 0.843895 0.133187 0.0229182
0 0.773769 0.0390658 0.187165
0 0.925354 0.0169833 0.0576629
0 0.503348 0.0637542 0.432898
0 0.658495 0.0169363 0.324569
0 0.788777 0.0921806 0.119043
0 0.840021 0.0305543 0.129424
0 0.906279 0.00724809 0.0864727
0 0.989657 0.000677959 0.00966485
0 0.798768 0.0116582 0.189573
0 0.999069 0.000389885 0.00054112
0 0.994689 0.00439218 0.000919285
0 0.998122 0.00136135 0.000516549
0 0.528619 0.443866 0.0275156
0 0.89146 0.0919751 0.016565
0 0.883645 0.0891907 0.0271641
0 0.883049 0.0900586 0.0268927
0 0.91448 0.00851469 0.077005
0 0.951234 0.030936 0.0178304
0 0.929094 0.0469655 0.0239408
1 0.144995 0.041057 0.813948
0 0.443897 0.266429 0.289674
1 0.0313785 0.0538677 0.914754
1 0.308112 0.21308 0.478808
1 0.105573 0.140285 0.754142
1 0.18248 0.177949 0.639571
1 0.187936 0.0994991 0.712565
1 0.11308 0.0655119 0.821408
0 0.793149 0.033382 0.173469
0 0.901112 0.0514653 0.0474223
0 0.588948 0.16308 0.247972
1 0.214737 0.310636 0.474627
-1 0.332345 0.564825 0.10283
0 0.42189 0.379586 0.198524
0 0.43358 0.304082 0.262338
1 0.287323 0.101968 0.61071
0 0.493855 0.149441 0.356705
1 0.122747 0.18988 0.687373
1 0.246956 0.201351 0.551694
-1 0.237648 0.468655 0.293697
1 0.330936 0.302873 0.366191
0 0.506367 0.435476 0.0581574
1 0.183293 0.402915 0.413792
1 0.242348 0.0629092 0.694743
-1 0.348958 0.461721 0.18932
1 0.106623 0.200499 0.692878
1 0.336979 0.29676 0.36626
1 0.172063 0.303228 0.524708
1 0.0966355 0.27432 0.629045
1 0.213396 0.265045 0.521559
0 0.447803 0.214149 0.338048
1 0.275722 0.248607 0.475672
0 0.425647 0.241069 0.333283
1 0.0925715 0.259907 0.647521
1 0.140706 0.271112 0.588181
1 0.136816 0.387874 0.47531
