labels 0 -1 1
0 0.656254 0.200788 0.142958
-1 0.17009 0.644712 0.185198
1 0.143149 0.167631 0.689221
-1 0.158416 0.584193 0.257391
1 0.160769 0.410442 0.428789
1 0.120178 0.211147 0.668674
-1 0.129174 0.800111 0.0707149
1 0.0629623 0.330173 0.606864
0 0.449152 0.408857 0.141991
-1 0.151975 0.820054 0.0279712
0 0.845756 0.140072 0.0141721
-1 0.00779089 0.51931 0.472899
0 0.548526 0.312262 0.139212
-1 0.062978 0.709173 0.227849
0 0.36853 0.284046 0.347424
1 0.0361284 0.110985 0.852886
0 0.568228 0.278763 0.153009
1 0.16868 0.322299 0.509021
-1 0.282986 0.526293 0.190721
1 0.0655059 0.230578 0.703916
1 0.172095 0.326738 0.501167
-1 0.140133 0.671034 0.188833
-1 0.0842847 0.557441 0.358274
-1 0.38183 0.441332 0.176838
-1 0.120522 0.779445 0.100033
1 0.152296 0.206399 0.641305
0 0.687386 0.293088 0.0195261
0 0.366328 0.348643 0.285028
-1 0.371946 0.603428 0.0246262
0 0.581481 0.345857 0.072662
-1 0.0552372 0.475792 0.468971
0 0.627578 0.274621 0.097801
1 0.232404 0.221771 0.545825
0 0.562033 0.347765 0.0902017
-1 0.201732 0.682857 0.115411
-1 0.15248 0.568068 0.279452
1 0.063644 0.422842 0.513514
1 0.00957965 0.0909493 0.899471
0 0.591096 0.0235588 0.385345
0 0.433973 0.315843 0.250184
1 0.149851 0.198126 0.652023
1 0.00920361 0.24942 0.741376
1 0.14992 0.0843177 0.765763
1 0.136933 0.165397 0.69767
0 0.641565 0.0523482 0.306087
1 0.148221 0.39661 0.455168
1 0.113525 0.411145 0.475329
1 0.133131 0.375039 0.49183
0 0.55606 0.145926 0.298014
1 0.453687 0.0900517 0.456261
-1 0.377767 0.467027 0.155206
0 0.81245 0.12591 0.0616394
0 0.76097 0.237929 0.0011005
-1 0.00800291 0.945297 0.0466998
1 0.147572 0.339027 0.513401
1 0.375011 0.159933 0.465056
1 0.235252 0.172444 0.592305
1 0.0741469 0.0903298 0.835523
1 0.391957 0.0984771 0.509566
0 0.643069 0.262298 0.0946324
1 0.251545 0.301876 0.446579
1 0.230402 0.254653 0.514945
1 0.252009 0.195351 0.55264
0 0.628805 0.314564 0.0566307
1 0.344869 0.182277 0.472854
0 0.485182 0.102783 0.412035
-1 0.153091 0.578956 0.267953
1 0.195694 0.396658 0.407648
0 0.643239 0.162518 0.194243
-1 0.380843 0.472597 0.14656
1 0.156562 0.40767 0.435768
1 0.290639 0.200324 0.509037
1 0.0574772 0.146794 0.795729
1 0.368472 0.0368897 0.594638
1 0.242059 0.173974 0.583967
1 0.262569 0.0646146 0.672816
1 0.183862 0.249243 0.566895
1 0.26479 0.0912596 0.64395
1 0.196017 0.239665 0.564318
1 0.176992 0.0757443 0.747263
-1 0.267149 0.419976 0.312875
1 0.0939558 0.252753 0.653291
0 0.551362 0.115965 0.332673
1 0.205726 0.261223 0.533051
-1 0.238236 0.42294 0.338825
1 0.181448 0.13849 0.680062
0 0.664339 0.105109 0.230553
0 0.544905 0.37163 0.0834644
-1 0.472479 0.476906 0.0506151
-1 0.11054 0.738115 0.151345
0 0.55793 0.231573 0.210497
0 0.475646 0.388335 0.136019
1 0.0286627 0.228186 0.743151
1 0.438728 0.0712613 0.49001
-1 0.405938 0.463468 0.130594
1 0.0544839 0.470603 0.474914
1 0.314349 0.16932 0.516332
1 0.156495 0.329187 0.514317
1 0.152767 0.174802 0.672431
-1 0.362663 0.444243 0.193094
1 0.187222 0.362681 0.450098
-1 0.129401 0.703053 0.167545
1 0.152091 0.190337 0.657572
0 0.624128 0.28481 0.0910623
-1 0.414865 0.517977 0.0671576
-1 0.341546 0.47444 0.184014
-1 0.317549 0.55007 0.132381
1 0.131676 0.330024 0.538299
-1 0.235941 0.586841 0.177218
1 0.166707 0.231432 0.601861
0 0.377191 0.276783 0.346025
-1 0.277268 0.443203 0.279529
-1 0.192715 0.413832 0.393453
-1 0.115102 0.544988 0.33991
1 0.0605062 0.150815 0.788679
-1 0.372286 0.443198 0.184516
-1 0.232555 0.520387 0.247058
1 0.300249 0.227283 0.472468
-1 0.315873 0.514195 0.169932
1 0.0956169 0.230096 0.674287
1 0.0940519 0.100389 0.805559
0 0.63531 0.220543 0.144146
1 0.382781 0.219579 0.39764
1 0.218089 0.376513 0.405398
-1 0.364817 0.461893 0.17329
1 0.170792 0.178955 0.650253
1 0.0598476 0.398142 0.54201
1 0.151062 0.188385 0.660553
-1 0.147663 0.595871 0.256467
-1 0.246117 0.392056 0.361827
-1 0.218373 0.431265 0.350362
1 0.223402 0.283289 0.493308
1 0.0748516 0.0820646 0.843084
-1 0.099321 0.488514 0.412165
1 0.142555 0.376562 0.480883
1 0.13003 0.191944 0.678026
-1 0.330081 0.54222 0.127699
0 0.515783 0.210394 0.273823
0 0.67586 0.212361 0.111779
-1 0.253221 0.433233 0.313545
1 0.0165667 0.0521329 0.9313
0 0.570266 0.209847 0.219888
-1 0.307508 0.497768 0.194724
1 0.022087 0.433523 0.54439
1 0.0975564 0.39886 0.503584
-1 0.133918 0.571757 0.294325
-1 0.128587 0.565829 0.305584
-1 0.154321 0.695645 0.150033
0 0.740783 0.176826 0.0823915
-1 0.208597 0.612763 0.17864
-1 0.402616 0.533625 0.063759
-1 0.0949146 0.641645 0.26344
1 0.163078 0.195097 0.641825
-1 0.171753 0.565105 0.263142
1 0.14175 0.176991 0.681258
1 0.0448886 0.198781 0.75633
0 0.414345 0.33226 0.253396
1 0.0425327 0.358071 0.599397
-1 0.247294 0.570301 0.182405
-1 0.0768285 0.684526 0.238646
1 0.126481 0.43163 0.441889
-1 0.277767 0.532199 0.190034
-1 0.167071 0.496587 0.336341
-1 0.321435 0.495651 0.182914
-1 0.0874996 0.825747 0.0867531
-1 0.160741 0.61307 0.226188
-1 0.104739 0.830799 0.0644624
-1 0.0898649 0.460739 0.449396
1 0.0614829 0.279668 0.658849
0 0.630196 0.187444 0.18236
-1 0.146753 0.683299 0.169948
1 0.0707735 0.234594 0.694633
-1 0.0678362 0.800827 0.131337
1 0.171861 0.229938 0.5982
-1 0.154976 0.504259 0.340764
1 0.0398215 0.086804 0.873374
1 0.090777 0.105027 0.804196
1 0.107435 0.110772 0.781793
1 0.244583 0.100978 0.65444
0 0.779165 0.194722 0.0261126
-1 0.30117 0.507519 0.19131
-1 0.181545 0.72426 0.094195
-1 0.199645 0.448134 0.352222
1 0.281713 0.223351 0.494936
1 0.191641 0.0632756 0.745083
0 0.418384 0.251228 0.330388
-1 0.273725 0.427905 0.29837
1 0.0426415 0.241212 0.716147
1 0.025798 0.323388 0.650814
1 0.0509174 0.139743 0.80934
1 0.0245646 0.24963 0.725805
1 0.0380694 0.0695862 0.892344
1 0.0547393 0.0871644 0.858096
1 0.173051 0.186552 0.640397
1 0.270763 0.304709 0.424528
1 0.000318869 0.00710586 0.992575
1 0.0853605 0.0821009 0.832539
1 0.0534379 0.0481246 0.898438
0 0.393944 0.375422 0.230634
0 0.395221 0.312334 0.292445
1 0.019159 0.0173009 0.96354
1 0.0866633 0.0281733 0.885163
1 0.0300485 0.00614347 0.963808
1 0.237548 0.0775889 0.684863
0 0.682351 0.126623 0.191026
0 0.703168 0.0203211 0.276511
0 0.589518 0.370278 0.0402045
0 0.68106 0.101311 0.217629
0 0.37433 0.284073 0.341597
-1 0.378165 0.383943 0.237892
1 0.000302311 0.00657801 0.99312
1 0.434602 0.12846 0.436938
1 0.175869 0.317073 0.507057
1 0.0273037 0.0822132 0.890483
-1 0.10228 0.693345 0.204375
1 0.0139806 0.141375 0.844645
1 0.0737942 0.222269 0.703937
1 0.0165967 0.353775 0.629629
1 0.0155622 0.456191 0.528247
1 0.0142334 0.115201 0.870565
1 0.032458 0.199348 0.768194
1 0.0695515 0.208407 0.722042
1 0.028596 0.325958 0.645446
-1 0.354093 0.415249 0.230658
-1 0.0436861 0.595832 0.360481
-1 0.331061 0.414606 0.254333
-1 0.202419 0.608623 0.188959
-1 0.246781 0.587737 0.165482
1 0.0248083 0.155907 0.819284
1 0.42094 0.153952 0.425108
1 0.0356098 0.360414 0.603977
-1 0.155301 0.685859 0.158841
-1 0.116464 0.731341 0.152195
0 0.39642 0.305777 0.297804
-1 0.345541 0.62996 0.0244993
-1 0.0865402 0.765327 0.148133
1 0.291782 0.302223 0.405996
-1 0.0626123 0.82188 0.115508
1 0.0837669 0.446841 0.469393
0 0.343986 0.323341 0.332673
-1 0.263875 0.476869 0.259256
1 0.16738 0.396477 0.436143
1 0.342306 0.27325 0.384444
1 0.146425 0.402791 0.450784
-1 0.343871 0.419851 0.236278
1 0.264388 0.310781 0.424831
-1 0.0995241 0.528224 0.372252
-1 0.086109 0.584369 0.329522
-1 0.340236 0.361865 0.2979
