labels 0 -1 1
0 0.619262 0.215039 0.165698
-1 0.161159 0.673406 0.165435
1 0.147573 0.226925 0.625502
-1 0.138461 0.608678 0.25286
-1 0.148723 0.445349 0.405929
1 0.116013 0.229146 0.654841
-1 0.127667 0.794605 0.077728
1 0.0591067 0.304049 0.636844
0 0.44721 0.405439 0.147351
-1 0.151596 0.817778 0.0306258
0 0.841796 0.139835 0.0183688
-1 0.00822904 0.535009 0.456762
0 0.519577 0.324174 0.156248
-1 0.0598377 0.726264 0.213898
1 0.327381 0.311146 0.361473
1 0.0391375 0.099915 0.860948
0 0.553012 0.281318 0.16567
1 0.179068 0.325453 0.495479
-1 0.272895 0.509218 0.217886
1 0.070925 0.215112 0.713963
1 0.179914 0.322141 0.497945
-1 0.143633 0.682952 0.173415
-1 0.0885205 0.579141 0.332338
-1 0.378719 0.434403 0.186878
-1 0.119286 0.787212 0.0935024
1 0.157794 0.222718 0.619489
0 0.687404 0.29331 0.0192864
0 0.367285 0.348854 0.283861
-1 0.372107 0.604594 0.0232991
0 0.577221 0.355861 0.0669182
-1 0.048526 0.550109 0.401365
0 0.617786 0.287084 0.0951305
1 0.237824 0.258735 0.503441
0 0.544898 0.349979 0.105123
-1 0.199299 0.699669 0.101032
-1 0.142232 0.608391 0.249377
-1 0.0681426 0.4869 0.444958
1 0.0120319 0.116649 0.871319
1 0.475953 0.0275847 0.496462
0 0.422609 0.334497 0.242894
1 0.132258 0.207954 0.659788
1 0.0106711 0.289305 0.700024
1 0.142792 0.084259 0.772949
1 0.135403 0.172951 0.691646
0 0.549538 0.0578789 0.392583
1 0.156995 0.390856 0.452149
1 0.10415 0.369206 0.526645
1 0.138402 0.372518 0.48908
0 0.475014 0.154017 0.370969
1 0.457856 0.0822013 0.459942
-1 0.38315 0.45543 0.16142
0 0.79419 0.126499 0.0793112
0 0.761028 0.237947 0.00102509
-1 0.00539092 0.961696 0.0329131
1 0.12997 0.360986 0.509044
1 0.368401 0.172662 0.458937
1 0.250726 0.195202 0.554072
1 0.0824834 0.103916 0.813601
1 0.384553 0.0898502 0.525596
0 0.639092 0.259986 0.100922
1 0.243175 0.307076 0.449749
1 0.228313 0.245192 0.526495
1 0.257814 0.190556 0.55163
0 0.627118 0.319446 0.0534363
1 0.335707 0.200109 0.464184
1 0.43862 0.11226 0.44912
-1 0.150156 0.605544 0.2443
-1 0.1836 0.433224 0.383176
0 0.611777 0.167177 0.221047
-1 0.375797 0.492232 0.131971
-1 0.142643 0.471907 0.38545
1 0.281219 0.210588 0.508194
1 0.0672043 0.168712 0.764083
1 0.364348 0.0362266 0.599425
1 0.274672 0.188361 0.536967
1 0.267385 0.0609309 0.671684
1 0.196101 0.245288 0.558611
1 0.246994 0.0892497 0.663756
1 0.210537 0.236215 0.553248
1 0.175896 0.0767404 0.747363
-1 0.28658 0.420866 0.292554
1 0.10319 0.260317 0.636493
0 0.535602 0.118843 0.345555
1 0.234418 0.258734 0.506848
-1 0.255863 0.425949 0.318188
1 0.208389 0.145902 0.645709
0 0.654241 0.105157 0.240601
0 0.543661 0.376082 0.0802568
-1 0.472197 0.479396 0.0484077
-1 0.0984793 0.783974 0.117547
0 0.536195 0.251031 0.212773
0 0.471847 0.400496 0.127657
1 0.0334498 0.269327 0.697223
1 0.392729 0.0674714 0.5398
-1 0.405389 0.470147 0.124464
-1 0.0587839 0.473517 0.467699
1 0.286023 0.171327 0.54265
1 0.17099 0.305472 0.523539
1 0.172372 0.177116 0.650512
-1 0.362294 0.443282 0.194423
1 0.197315 0.366699 0.435986
-1 0.129264 0.714707 0.156029
1 0.179072 0.205543 0.615385
0 0.620313 0.284035 0.0956517
-1 0.414347 0.5202 0.0654521
-1 0.338397 0.482825 0.178778
-1 0.315282 0.56445 0.120268
1 0.150558 0.353964 0.495478
-1 0.230002 0.601431 0.168566
1 0.171043 0.241839 0.587118
0 0.386664 0.287438 0.325898
-1 0.28561 0.441747 0.272642
1 0.196992 0.396499 0.406509
-1 0.112448 0.57826 0.309292
1 0.0660757 0.156213 0.777711
-1 0.361574 0.47068 0.167745
-1 0.22803 0.53642 0.23555
1 0.334227 0.237518 0.428255
-1 0.320231 0.525745 0.154024
1 0.0911748 0.239781 0.669045
1 0.0894503 0.113629 0.796921
0 0.637132 0.225478 0.13739
1 0.373985 0.230159 0.395856
-1 0.225809 0.408615 0.365575
-1 0.354133 0.48211 0.163758
1 0.161812 0.192313 0.645875
1 0.0587363 0.450234 0.49103
1 0.163126 0.19311 0.643764
-1 0.137745 0.610003 0.252252
-1 0.247825 0.396508 0.355667
-1 0.243034 0.443571 0.313395
1 0.208169 0.299729 0.492102
1 0.0734321 0.105656 0.820912
-1 0.0957402 0.532181 0.372079
1 0.143713 0.397072 0.459215
1 0.145119 0.181991 0.67289
-1 0.33389 0.544278 0.121832
0 0.459332 0.237713 0.302955
0 0.657287 0.217774 0.124939
-1 0.245791 0.474207 0.280002
1 0.021751 0.0866404 0.891609
0 0.517487 0.238205 0.244307
-1 0.314224 0.51276 0.173015
-1 0.0236087 0.493606 0.482786
1 0.0971548 0.422537 0.480308
-1 0.14213 0.590505 0.267365
-1 0.133458 0.585145 0.281397
-1 0.152705 0.692658 0.154637
0 0.726647 0.179344 0.0940094
-1 0.203684 0.625304 0.171012
-1 0.400567 0.53763 0.0618035
-1 0.0903723 0.702535 0.207093
1 0.166137 0.240506 0.593357
-1 0.167358 0.607206 0.225436
1 0.135591 0.213172 0.651237
1 0.0418405 0.218339 0.739821
0 0.388336 0.334411 0.277253
1 0.0495337 0.358644 0.591822
-1 0.238715 0.555831 0.205454
-1 0.0798463 0.662501 0.257653
1 0.125026 0.432377 0.442597
-1 0.282633 0.533659 0.183707
-1 0.177264 0.510892 0.311844
-1 0.313235 0.491707 0.195058
-1 0.0856299 0.83549 0.07888
-1 0.155391 0.64341 0.201199
-1 0.102583 0.845884 0.0515332
-1 0.0887466 0.476541 0.434712
1 0.0554967 0.295443 0.64906
0 0.600417 0.187016 0.212566
-1 0.151295 0.675175 0.17353
1 0.0680841 0.22594 0.705976
-1 0.06191 0.828409 0.109681
1 0.175503 0.247062 0.577435
-1 0.142474 0.526416 0.33111
1 0.0363631 0.0918458 0.871791
1 0.0959964 0.113436 0.790567
1 0.101454 0.105481 0.793065
1 0.21214 0.0996681 0.688192
0 0.779302 0.191361 0.0293368
-1 0.295136 0.496565 0.208299
-1 0.177054 0.736005 0.0869405
-1 0.211116 0.48209 0.306794
1 0.264658 0.264863 0.470478
1 0.169033 0.0693014 0.761665
1 0.361529 0.257982 0.380489
-1 0.275749 0.453904 0.270347
1 0.0425966 0.235005 0.722398
1 0.0255675 0.349415 0.625018
1 0.0502113 0.152849 0.79694
1 0.0250256 0.264757 0.710217
1 0.0388537 0.0747863 0.88636
1 0.0498809 0.0948288 0.85529
1 0.178862 0.183923 0.637215
1 0.317223 0.286425 0.396352
1 0.00038894 0.00858512 0.991026
1 0.0867199 0.101004 0.812276
1 0.0600625 0.0535975 0.88634
0 0.397384 0.383575 0.219041
0 0.396485 0.318129 0.285387
1 0.016467 0.0184419 0.965091
1 0.0766036 0.0314655 0.891931
1 0.0273393 0.00576164 0.966899
1 0.193912 0.067738 0.73835
0 0.68973 0.122465 0.187806
0 0.675964 0.017457 0.306579
0 0.567739 0.368498 0.0637626
0 0.619981 0.128296 0.251723
1 0.316723 0.324823 0.358454
-1 0.334079 0.432916 0.233006
1 0.00274268 0.0127856 0.984472
1 0.27279 0.162663 0.564547
1 0.142041 0.380162 0.477797
1 0.0293997 0.0839218 0.886679
-1 0.0909841 0.720922 0.188094
1 0.0136081 0.161314 0.825078
1 0.0663313 0.254709 0.67896
1 0.0179403 0.353948 0.628111
-1 0.0148205 0.49262 0.49256
1 0.0168484 0.13867 0.844482
1 0.0275056 0.218485 0.75401
1 0.0576561 0.225115 0.717229
1 0.0336313 0.3362 0.630168
-1 0.367413 0.411962 0.220625
-1 0.0438328 0.586513 0.369654
-1 0.317524 0.420691 0.261785
-1 0.207868 0.609976 0.182156
-1 0.238794 0.610937 0.150269
1 0.0384295 0.237275 0.724295
1 0.343443 0.18052 0.476036
1 0.0334409 0.418177 0.548382
-1 0.14674 0.709879 0.143381
-1 0.112468 0.712653 0.174879
0 0.41448 0.287609 0.297911
-1 0.344193 0.628811 0.0269956
-1 0.0896002 0.786577 0.123822
1 0.274869 0.345359 0.379772
-1 0.0526947 0.85097 0.096335
-1 0.088128 0.483025 0.428847
1 0.304997 0.336613 0.35839
-1 0.275303 0.494272 0.230425
-1 0.169023 0.447596 0.383382
1 0.315519 0.297162 0.38732
1 0.135766 0.401514 0.46272
-1 0.318786 0.411341 0.269873
1 0.231408 0.285135 0.483457
-1 0.109628 0.501234 0.389138
-1 0.083068 0.589693 0.327239
-1 0.330366 0.344588 0.325046
