labels 0 1 -1
0 0.677971 0.292131 0.0298972
0 0.977367 0.0156685 0.0069646
0 0.524269 0.00713243 0.468598
-1 0.231753 0.00100784 0.767239
-1 0.459846 0.0169422 0.523212
0 0.685948 0.285608 0.0284441
1 0.196781 0.791916 0.0113028
0 0.964185 0.00747121 0.0283437
0 0.746805 0.080076 0.173119
-1 0.297034 0.0036453 0.699321
-1 0.40985 0.0917027 0.498448
-1 0.232112 0.0163518 0.751536
0 0.796768 0.12856 0.0746712
0 0.708054 0.0422815 0.249664
0 0.744054 0.231609 0.0243371
0 0.80251 0.128218 0.0692724
0 0.539736 0.0343217 0.425942
0 0.830359 0.0482247 0.121416
1 0.27477 0.724114 0.0011168
0 0.869809 0.120922 0.00926903
0 0.736691 0.211064 0.0522453
0 0.914818 0.0652678 0.0199143
0 0.861897 0.10309 0.0350131
0 0.614365 0.376074 0.0095606
0 0.951221 0.00904137 0.0397375
0 0.792171 0.177357 0.030472
0 0.899774 0.0217005 0.0785255
0 0.942175 0.00960322 0.048222
0 0.760856 0.229749 0.00939549
-1 0.471733 0.00017531 0.528092
0 0.775603 0.0695968 0.1548
0 0.987072 0.00680105 0.00612659
0 0.659471 0.00777611 0.332753
-1 0.233446 0.00462553 0.761929
0 0.68707 0.079579 0.233351
0 0.821006 0.136978 0.0420161
-1 0.087892 0.00949771 0.90261
0 0.683001 0.253681 0.0633179
0 0.530302 0.457969 0.0117294
0 0.788643 0.0758339 0.135523
0 0.528703 0.447816 0.023481
0 0.891196 0.0923051 0.0164986
0 0.592145 0.234889 0.172966
0 0.57159 0.0807259 0.347684
0 0.654997 0.0377159 0.307287
-1 0.158211 0.0153169 0.826472
-1 0.202644 0.0196963 0.77766
0 0.537728 0.0667341 0.395538
0 0.667201 0.00848898 0.32431
-1 0.374663 0.00763312 0.617704
0 0.586955 0.025687 0.387358
0 0.638194 0.313167 0.0486387
0 0.726483 0.132235 0.141282
1 0.441559 0.550329 0.00811116
0 0.848028 0.088381 0.0635906
0 0.751833 0.235631 0.0125357
0 0.894874 0.0893264 0.0157996
0 0.677592 0.281915 0.0404923
0 0.766133 0.184703 0.0491637
-1 0.00989159 0.000195685 0.989913
-1 0.41321 0.0264391 0.560351
0 0.633768 0.0905332 0.275699
1 0.309704 0.659005 0.0312911
-1 0.200175 0.00153303 0.798292
-1 0.269501 0.117773 0.612726
0 0.468886 0.248401 0.282713
0 0.700266 0.294702 0.00503172
-1 0.438299 0.00558551 0.556115
1 0.00241217 0.997552 3.53703e-05
0 0.928208 0.0248823 0.0469099
0 0.655994 0.0370902 0.306916
0 0.872 0.118071 0.00992878
0 0.888113 0.0980777 0.0138089
0 0.88508 0.0294752 0.0854453
0 0.916263 0.0330691 0.0506676
0 0.867988 0.11551 0.0165025
0 0.726642 0.268416 0.00494223
0 0.805836 0.173627 0.0205369
0 0.579952 0.41354 0.0065081
0 0.890846 0.0498485 0.0593059
1 0.10528 0.892712 0.00200803
0 0.956336 0.0269594 0.0167049
0 0.909859 0.0408013 0.0493398
0 0.695526 0.01992 0.284554
0 0.725084 0.0357008 0.239215
0 0.85065 0.0452795 0.10407
1 0.358259 0.62396 0.0177804
0 0.935335 0.0591012 0.00556366
0 0.824794 0.0489433 0.126263
0 0.732331 0.129297 0.138373
0 0.673449 0.273092 0.0534586
-1 0.00783481 1.63835e-05 0.992149
-1 0.346653 0.0510171 0.60233
0 0.643894 0.111961 0.244144
-1 0.46905 0.0275952 0.503354
0 0.573525 0.355826 0.0706494
-1 0.460241 0.0220154 0.517743
-1 0.332945 0.208511 0.458544
0 0.544638 0.0915575 0.363805
0 0.690472 0.0192889 0.290239
-1 0.404222 0.00515458 0.590624
-1 0.215662 0.0365366 0.747801
0 0.591498 0.0974945 0.311007
0 0.617958 0.300879 0.0811627
-1 0.371465 0.00441952 0.624116
-1 0.0660554 0.00018404 0.933761
-1 0.465459 0.0481306 0.48641
-1 0.404524 0.0304391 0.565037
0 0.571176 0.25575 0.173074
0 0.857841 0.0428044 0.0993544
-1 0.0218866 7.77082e-05 0.978036
1 0.0869084 0.709698 0.203393
-1 0.29295 0.0512096 0.65584
-1 0.0616416 0.0293955 0.908963
1 0.174458 0.550706 0.274836
1 0.0864799 0.877094 0.0364265
1 0.179994 0.796426 0.0235796
0 0.749617 0.0626383 0.187745
0 0.757369 0.198436 0.0441952
0 0.631099 0.0653957 0.303505
0 0.694026 0.112852 0.193122
1 0.100895 0.897444 0.00166072
0 0.521793 0.0409043 0.437303
1 0.0996169 0.889649 0.0107345
1 0.372916 0.610323 0.0167608
1 0.0822298 0.916458 0.00131176
1 0.356008 0.6425 0.0014928
0 0.504931 0.488285 0.00678444
0 0.917964 0.0607024 0.0213334
0 0.853262 0.110904 0.0358338
-1 0.306448 0.00540119 0.688151
-1 0.328481 0.187674 0.483845
1 0.434823 0.529664 0.0355125
1 0.017324 0.981854 0.000822142
1 0.251491 0.741708 0.006801
1 0.398914 0.496895 0.104191
0 0.580381 0.34401 0.0756089
0 0.431467 0.215927 0.352606
1 0.0782085 0.921196 0.000595901
-1 0.31728 0.00783776 0.674883
-1 0.348604 0.0605811 0.590815
-1 0.371938 0.0875314 0.540531
1 0.232676 0.706852 0.0604726
-1 0.103218 0.000467795 0.896314
-1 0.113919 0.00319235 0.882889
0 0.611577 0.0246352 0.363788
-1 0.064142 0.0131281 0.92273
0 0.615775 0.142052 0.242174
1 0.00172255 0.998257 2.08681e-05
0 0.807444 0.10326 0.0892958
0 0.387782 0.316605 0.295613
1 0.381588 0.561036 0.057376
0 0.667733 0.172792 0.159476
-1 0.218942 0.0397861 0.741272
1 0.371916 0.602826 0.025258
0 0.416759 0.384646 0.198595
0 0.537589 0.177551 0.284861
-1 0.444379 0.0737011 0.48192
1 0.236134 0.425569 0.338297
1 0.135275 0.860943 0.00378198
1 0.451624 0.533894 0.0144811
0 0.555868 0.430624 0.0135086
0 0.87722 0.0804147 0.0423655
0 0.882578 0.0974618 0.0199603
1 0.349237 0.647439 0.00332429
0 0.919267 0.0781213 0.00261194
0 0.787583 0.120419 0.0919989
0 0.889908 0.0753844 0.0347078
0 0.636305 0.324342 0.0393523
0 0.898568 0.0496677 0.0517646
0 0.799616 0.0115429 0.188841
0 0.954141 0.00791345 0.0379457
0 0.567748 0.399871 0.0323809
0 0.926731 0.0656203 0.00764875
0 0.950834 0.0151402 0.0340258
1 0.288358 0.707992 0.00365023
0 0.934379 0.0470214 0.0185996
0 0.703171 0.0113581 0.285471
0 0.64914 0.0114675 0.339392
0 0.796851 0.0472224 0.155927
-1 0.0877791 0.015772 0.896449
0 0.798276 0.0321321 0.169592
0 0.651778 0.0400351 0.308187
1 9.0564e-07 0.999994 4.88771e-06
0 0.887694 0.108849 0.00345642
0 0.827343 0.0198327 0.152824
0 0.649672 0.345746 0.00458163
0 0.801922 0.13829 0.0597872
0 0.543529 0.415715 0.040756
-1 0.339795 0.00121238 0.658993
1 0.368075 0.529318 0.102607
0 0.734353 0.0162066 0.24944
0 0.858383 0.0315161 0.1101
0 0.60675 0.387689 0.00556061
0 0.862559 0.0235787 0.113862
0 0.872671 0.0452171 0.0821115
0 0.59547 0.0120772 0.392453
0 0.900648 0.0508932 0.0484586
-1 0.465744 0.0144733 0.519782
0 0.913535 0.0412603 0.0452047
0 0.718135 0.243357 0.038508
0 0.868993 0.127204 0.00380334
0 0.837421 0.0995525 0.0630265
0 0.641068 0.0169678 0.341965
0 0.581191 0.141504 0.277305
-1 0.485995 0.0100089 0.503996
0 0.542671 0.0825812 0.374748
0 0.863145 0.0530182 0.0838364
-1 0.29943 0.00752218 0.693048
0 0.537909 0.230177 0.231913
-1 0.387906 0.070043 0.542051
-1 0.189407 0.0221346 0.788459
1 0.31939 0.486296 0.194315
0 0.697409 0.151399 0.151192
0 0.527288 0.420884 0.0518282
1 0.108672 0.886149 0.00517917
0 0.948544 0.0237153 0.0277407
-1 0.0356209 0.000999922 0.963379
0 0.51539 0.115278 0.369332
1 0.0318323 0.967584 0.00058338
1 0.0900354 0.905284 0.00468016
0 0.591071 0.376535 0.0323944
1 0.233101 0.764824 0.00207432
1 0.449693 0.543247 0.00706002
0 0.781135 0.210395 0.0084697
0 0.853275 0.0977363 0.048989
0 0.56466 0.411326 0.0240141
0 0.565485 0.108083 0.326432
0 0.583539 0.107244 0.309217
1 0.422439 0.559911 0.0176499
0 0.824773 0.136334 0.0388931
0 0.649226 0.0362863 0.314488
-1 0.329656 0.0105406 0.659804
0 0.554896 0.0967599 0.348344
-1 0.191493 0.00215828 0.806348
0 0.767036 0.11681 0.116154
0 0.74202 0.00387734 0.254103
1 0.155744 0.841408 0.00284861
0 0.836777 0.148164 0.015059
0 0.924645 0.0742306 0.00112473
0 0.98426 0.00770283 0.00803679
0 0.97966 0.0180044 0.00233596
0 0.969189 0.0242135 0.00659712
1 0.171553 0.827377 0.00107078
1 0.465227 0.50574 0.0290334
0 0.838679 0.142587 0.0187334
