labels 0 1 -1
-1 0.258004 0.361293 0.380702
0 0.725114 0.141429 0.133457
-1 0.340342 0.175184 0.484475
-1 0.151742 0.102747 0.745511
1 0.254167 0.543642 0.20219
-1 0.292934 0.255648 0.451418
0 0.371551 0.35539 0.273059
0 0.682368 0.262287 0.0553455
-1 0.193014 0.235321 0.571665
1 0.254528 0.488442 0.25703
-1 0.284749 0.23814 0.477111
1 0.254883 0.622422 0.122695
0 0.394569 0.272684 0.332747
1 0.157088 0.579675 0.263237
1 0.231184 0.400805 0.368011
1 0.181222 0.442143 0.376635
1 0.196263 0.467314 0.336423
-1 0.187585 0.28518 0.527234
1 0.100743 0.590202 0.309054
0 0.594243 0.269299 0.136458
1 0.314783 0.390209 0.295008
-1 0.198162 0.128745 0.673093
0 0.427847 0.252581 0.319572
-1 0.161516 0.145762 0.692722
-1 0.287514 0.30385 0.408636
-1 0.136028 0.224246 0.639726
-1 0.153801 0.354301 0.491898
-1 0.223606 0.239332 0.537062
-1 0.144783 0.263097 0.592119
-1 0.16583 0.356942 0.477228
-1 0.234959 0.172088 0.592954
0 0.356274 0.328012 0.315714
-1 0.25822 0.324233 0.417547
0 0.413127 0.30036 0.286513
-1 0.331342 0.0966183 0.57204
1 0.299023 0.509245 0.191732
1 0.244237 0.459318 0.296445
-1 0.302241 0.135347 0.562412
1 0.122471 0.634473 0.243056
0 0.75302 0.125106 0.121874
1 0.211537 0.528121 0.260341
0 0.563708 0.0632216 0.373071
1 0.273208 0.589945 0.136846
-1 0.161472 0.10616 0.732368
0 0.470451 0.201657 0.327892
-1 0.204729 0.30272 0.492551
0 0.35073 0.326744 0.322527
-1 0.204892 0.146729 0.648379
1 0.291444 0.540856 0.1677
0 0.395447 0.251757 0.352796
1 0.229197 0.530943 0.23986
-1 0.259425 0.353625 0.38695
1 0.304088 0.385078 0.310834
-1 0.220649 0.268404 0.510947
-1 0.42658 0.0820745 0.491345
1 0.0530145 0.6418 0.305186
0 0.514994 0.149761 0.335245
-1 0.178929 0.201044 0.620028
0 0.416267 0.31261 0.271123
-1 0.354001 0.129062 0.516938
0 0.731167 0.0166943 0.252138
0 0.377153 0.363776 0.259071
0 0.720255 0.111627 0.168118
0 0.491985 0.157043 0.350972
1 0.10955 0.605686 0.284765
0 0.568214 0.114865 0.316921
1 0.163632 0.592793 0.243575
0 0.48804 0.318652 0.193308
1 0.396413 0.417581 0.186006
0 0.867034 0.111871 0.0210953
0 0.874363 0.0780665 0.0475702
-1 0.402167 0.158544 0.439289
-1 0.410049 0.162565 0.427386
1 0.137984 0.506803 0.355213
-1 0.337084 0.177969 0.484947
-1 0.151519 0.343937 0.504544
-1 0.365826 0.219123 0.415051
1 0.186797 0.437892 0.37531
-1 0.351762 0.146425 0.501812
-1 0.243529 0.220702 0.535769
-1 0.180014 0.333109 0.486878
0 0.687389 0.205529 0.107082
-1 0.111625 0.20777 0.680605
1 0.0643354 0.480236 0.455428
0 0.420918 0.316429 0.262653
0 0.448479 0.289887 0.261633
1 0.278271 0.404063 0.317666
0 0.424686 0.363902 0.211412
-1 0.151807 0.368062 0.480132
-1 0.206609 0.289504 0.503887
0 0.559333 0.275934 0.164733
-1 0.339209 0.227417 0.433374
0 0.498534 0.0470287 0.454437
1 0.217587 0.626461 0.155952
-1 0.357298 0.280094 0.362609
1 0.209567 0.481138 0.309294
1 0.204011 0.547086 0.248903
-1 0.218683 0.380435 0.400883
1 0.269628 0.420223 0.310149
1 0.171691 0.525591 0.302718
1 0.238735 0.40266 0.358604
1 0.236059 0.524203 0.239738
1 0.240085 0.410683 0.349231
1 0.292149 0.423384 0.284467
0 0.445057 0.343097 0.211846
1 0.247952 0.388413 0.363635
-1 0.166235 0.200949 0.632816
1 0.195689 0.476093 0.328218
0 0.486559 0.202692 0.310749
-1 0.261991 0.140066 0.597943
-1 0.176159 0.354928 0.468913
1 0.402719 0.408289 0.188993
1 0.226943 0.664712 0.108345
0 0.660023 0.157138 0.182839
0 0.725667 0.211898 0.062435
0 0.400081 0.317425 0.282493
0 0.706827 0.035994 0.257179
0 0.519466 0.243948 0.236586
-1 0.337682 0.137519 0.524799
0 0.409497 0.333012 0.257492
-1 0.113829 0.214854 0.671317
-1 0.166728 0.285163 0.548109
0 0.568406 0.134114 0.29748
-1 0.0603365 0.0905631 0.8491
-1 0.17314 0.241212 0.585648
-1 0.320465 0.197865 0.48167
0 0.449312 0.180545 0.370143
-1 0.133829 0.309102 0.557069
0 0.427865 0.234642 0.337493
1 0.25183 0.508438 0.239731
1 0.160432 0.587117 0.25245
0 0.419275 0.381815 0.19891
1 0.275261 0.562588 0.162151
0 0.392821 0.351228 0.255951
0 0.464842 0.189871 0.345287
1 0.0995215 0.561078 0.3394
0 0.362908 0.354803 0.282289
1 0.20333 0.417565 0.379105
1 0.112868 0.643648 0.243484
1 0.380503 0.418936 0.20056
-1 0.168326 0.288882 0.542792
0 0.433766 0.314695 0.25154
-1 0.285672 0.297768 0.41656
1 0.174112 0.491316 0.334572
-1 0.231407 0.228895 0.539698
0 0.413151 0.248358 0.338491
1 0.286601 0.388672 0.324726
-1 0.399906 0.150487 0.449607
1 0.197924 0.474425 0.327651
0 0.557327 0.0964224 0.346251
-1 0.143508 0.388679 0.467814
-1 0.239101 0.361503 0.399396
0 0.415493 0.26814 0.316367
1 0.0990831 0.742203 0.158714
0 0.859376 0.0328386 0.107785
1 0.0271761 0.910243 0.0625807
0 0.531752 0.143504 0.324744
1 0.117134 0.567944 0.314923
1 0.154364 0.441013 0.404623
1 0.262932 0.434551 0.302517
0 0.721054 0.133335 0.145611
1 0.189856 0.698479 0.111666
-1 0.410127 0.0594835 0.53039
-1 0.38113 0.108987 0.509883
1 0.235631 0.416265 0.348103
0 0.413997 0.315152 0.270851
-1 0.200288 0.386282 0.413431
0 0.426913 0.222239 0.350848
-1 0.319877 0.272085 0.408038
-1 0.241112 0.293532 0.465356
-1 0.184278 0.356639 0.459082
-1 0.0894933 0.34957 0.560936
1 0.112051 0.597943 0.290006
0 0.694832 0.173174 0.131994
0 0.346217 0.345301 0.308482
-1 0.111193 0.202842 0.685965
1 0.378039 0.437722 0.184239
-1 0.39276 0.165595 0.441646
-1 0.245109 0.273338 0.481552
-1 0.390524 0.189616 0.41986
-1 0.275228 0.225773 0.498999
0 0.614223 0.269099 0.116678
1 0.165291 0.549752 0.284957
0 0.469372 0.362793 0.167834
0 0.716609 0.255675 0.0277164
0 0.686387 0.148416 0.165197
-1 0.157433 0.159199 0.683368
1 0.29957 0.468716 0.231715
1 0.188898 0.449216 0.361886
-1 0.321698 0.107775 0.570527
1 0.301519 0.35286 0.345621
-1 0.295599 0.135508 0.568893
1 0.196561 0.403819 0.39962
-1 0.336784 0.284284 0.378932
0 0.42595 0.291473 0.282577
-1 0.128762 0.356847 0.51439
-1 0.217553 0.264552 0.517895
-1 0.124344 0.109582 0.766074
1 0.286127 0.399052 0.314822
-1 0.322968 0.224634 0.452398
1 0.20312 0.473345 0.323535
1 0.353943 0.494705 0.151353
-1 0.242489 0.318636 0.438875
1 0.157416 0.467057 0.375527
-1 0.35495 0.152762 0.492288
-1 0.234455 0.381661 0.383884
-1 0.282123 0.135566 0.582311
1 0.169317 0.566867 0.263815
-1 0.270443 0.23349 0.496067
1 0.315301 0.342742 0.341956
1 0.261201 0.452244 0.286554
0 0.423192 0.289142 0.287666
-1 0.153811 0.125846 0.720343
1 0.255308 0.527094 0.217598
0 0.451633 0.100248 0.448119
-1 0.347167 0.251711 0.401122
1 0.254895 0.425401 0.319703
-1 0.212138 0.220071 0.567791
0 0.491574 0.108582 0.399844
1 0.106976 0.566285 0.326739
0 0.586552 0.14476 0.268688
0 0.508215 0.292073 0.199712
0 0.393364 0.280396 0.32624
0 0.582398 0.0285926 0.389009
-1 0.316051 0.306426 0.377523
-1 0.216822 0.104299 0.678879
1 0.209609 0.406351 0.38404
1 0.317434 0.393383 0.289182
-1 0.20966 0.306952 0.483388
-1 0.105142 0.376372 0.518486
0 0.386758 0.253143 0.3601
-1 0.290501 0.310971 0.398528
0 0.524175 0.230704 0.245121
1 0.217065 0.533538 0.249398
1 0.392844 0.407744 0.199412
-1 0.30892 0.289501 0.401579
1 0.195865 0.535303 0.268832
0 0.457283 0.268269 0.274448
1 0.217867 0.599802 0.182331
1 0.231323 0.409029 0.359649
0 0.690041 0.232831 0.0771276
-1 0.127275 0.328647 0.544078
-1 0.248862 0.304953 0.446185
-1 0.269486 0.136088 0.594426
0 0.521361 0.293384 0.185254
0 0.672444 0.0498273 0.277729
