labels 0 1 -1
0 0.604097 0.148698 0.247205
0 0.683478 0.190312 0.12621
0 0.530037 0.224153 0.245811
0 0.496957 0.0472125 0.455831
-1 0.251351 0.252536 0.496113
-1 0.232954 0.25414 0.512907
-1 0.320478 0.315704 0.363818
0 0.88571 0.0618102 0.0524796
0 0.375955 0.250078 0.373967
0 0.536949 0.217067 0.245984
-1 0.127017 0.432507 0.440476
-1 0.143977 0.282461 0.573562
1 0.211026 0.450554 0.338419
1 0.229364 0.420202 0.350435
1 0.280699 0.465527 0.253774
1 0.343874 0.516508 0.139618
0 0.419363 0.317984 0.262653
1 0.350066 0.548017 0.101917
1 0.278147 0.540922 0.180931
1 0.391716 0.48919 0.119094
0 0.478459 0.382978 0.138563
1 0.365708 0.423669 0.210623
0 0.577398 0.277262 0.14534
-1 0.342108 0.304228 0.353665
0 0.580312 0.331029 0.0886597
0 0.487701 0.345421 0.166877
0 0.558323 0.290303 0.151374
1 0.29598 0.389698 0.314322
-1 0.362233 0.216029 0.421738
0 0.751296 0.20325 0.0454549
1 0.273815 0.374065 0.352119
0 0.522505 0.35075 0.126745
-1 0.319218 0.332139 0.348643
1 0.35274 0.547707 0.0995529
0 0.383516 0.35152 0.264963
1 0.244121 0.587368 0.168511
0 0.420097 0.401203 0.1787
1 0.427459 0.464173 0.108368
1 0.274409 0.671717 0.053874
0 0.657094 0.255244 0.0876615
1 0.211303 0.666748 0.121949
1 0.399822 0.438105 0.162073
1 0.27328 0.631154 0.0955662
1 0.404877 0.418584 0.176539
1 0.204531 0.535775 0.259694
-1 0.0689716 0.408223 0.522805
-1 0.241441 0.373316 0.385244
1 0.177705 0.43477 0.387525
1 0.249046 0.382233 0.368722
-1 0.144972 0.355108 0.49992
-1 0.17847 0.207668 0.613863
-1 0.219582 0.336063 0.444355
-1 0.216257 0.353524 0.430219
1 0.300031 0.391674 0.308294
1 0.351025 0.517055 0.13192
-1 0.284452 0.246548 0.468999
1 0.347314 0.461518 0.191168
-1 0.176265 0.268829 0.554906
1 0.334955 0.581472 0.0835736
0 0.675021 0.213351 0.111627
1 0.274724 0.393928 0.331348
1 0.187727 0.535915 0.276359
1 0.161481 0.629674 0.208844
1 0.321433 0.39068 0.287887
1 0.233641 0.391973 0.374386
1 0.335698 0.423203 0.241099
-1 0.319909 0.245046 0.435045
1 0.286699 0.413329 0.299972
-1 0.172286 0.38564 0.442073
0 0.578765 0.363382 0.0578527
0 0.459903 0.179989 0.360108
0 0.463288 0.350159 0.186553
0 0.639388 0.266897 0.0937148
0 0.441748 0.371304 0.186948
0 0.566797 0.166203 0.267
1 0.311745 0.538468 0.149787
0 0.748129 0.155567 0.0963048
1 0.430303 0.445165 0.124532
0 0.740332 0.176702 0.0829656
0 0.665351 0.253098 0.0815506
0 0.662286 0.167516 0.170197
0 0.929377 0.0479175 0.0227058
0 0.708921 0.15907 0.13201
0 0.486117 0.120889 0.392994
0 0.430435 0.367106 0.202459
0 0.41646 0.316321 0.267219
0 0.466882 0.21648 0.316638
0 0.721463 0.193556 0.0849814
0 0.620469 0.251595 0.127936
1 0.16728 0.664085 0.168635
1 0.319763 0.548684 0.131553
1 0.382876 0.469949 0.147175
-1 0.282991 0.303054 0.413955
1 0.115624 0.499857 0.384519
-1 0.143919 0.32453 0.53155
-1 0.089966 0.257716 0.652318
1 0.270569 0.477575 0.251856
-1 0.279299 0.284464 0.436238
1 0.229627 0.547391 0.222982
1 0.14983 0.502703 0.347467
1 0.0774626 0.697082 0.225456
-1 0.102773 0.396305 0.500922
1 0.182188 0.567901 0.24991
1 0.13516 0.722103 0.142737
1 0.220678 0.609395 0.169926
-1 0.221262 0.270825 0.507914
1 0.357488 0.413914 0.228598
-1 0.241004 0.32167 0.437326
1 0.184993 0.45723 0.357777
0 0.354689 0.318524 0.326787
1 0.213297 0.406822 0.379881
-1 0.12769 0.424908 0.447402
1 0.189781 0.406099 0.40412
-1 0.129968 0.39509 0.474942
-1 0.320291 0.304972 0.374737
1 0.0891082 0.578247 0.332645
-1 0.305232 0.328969 0.365799
-1 0.379174 0.138195 0.482631
-1 0.304482 0.27253 0.422987
-1 0.168665 0.289818 0.541518
0 0.416279 0.237011 0.34671
-1 0.304357 0.244761 0.450882
0 0.575836 0.302132 0.122032
1 0.185948 0.433102 0.38095
1 0.275764 0.511645 0.212591
0 0.50095 0.343566 0.155484
0 0.525261 0.222113 0.252626
-1 0.271787 0.278566 0.449647
0 0.434775 0.212524 0.3527
-1 0.196994 0.253067 0.54994
-1 0.19112 0.265279 0.543601
-1 0.207768 0.360388 0.431844
1 0.323942 0.453768 0.22229
1 0.0894078 0.49912 0.411472
1 0.21799 0.532151 0.249858
-1 0.210655 0.342846 0.446499
1 0.11884 0.616069 0.265091
1 0.141819 0.563847 0.294334
1 0.183766 0.529274 0.286959
0 0.447889 0.303676 0.248435
1 0.0792144 0.517923 0.402863
1 0.134319 0.537063 0.328618
1 0.166219 0.565719 0.268061
0 0.405133 0.383841 0.211026
-1 0.165675 0.211751 0.622575
-1 0.107019 0.34829 0.544691
1 0.185827 0.46372 0.350453
1 0.124144 0.479941 0.395914
1 0.0839429 0.651072 0.264985
0 0.664946 0.196475 0.138579
1 0.371189 0.415673 0.213137
1 0.148334 0.57424 0.277426
1 0.320987 0.473697 0.205316
1 0.249832 0.463606 0.286563
1 0.180286 0.521104 0.29861
-1 0.191153 0.339183 0.469663
1 0.145996 0.478777 0.375227
-1 0.115587 0.298963 0.58545
1 0.128089 0.442782 0.429129
-1 0.227865 0.234641 0.537494
0 0.388767 0.244778 0.366455
0 0.444564 0.256621 0.298814
0 0.512969 0.106657 0.380374
-1 0.424082 0.129247 0.446671
0 0.511354 0.228238 0.260408
0 0.700362 0.189213 0.110425
0 0.655453 0.118123 0.226425
0 0.84402 0.0930082 0.0629722
0 0.689503 0.1889 0.121597
0 0.814997 0.12458 0.0604227
0 0.681997 0.235221 0.0827827
1 0.191364 0.459769 0.348868
1 0.107657 0.605527 0.286816
0 0.716327 0.179801 0.103872
0 0.63191 0.274972 0.093118
-1 0.243601 0.317287 0.439112
0 0.765094 0.112185 0.122721
0 0.580753 0.178533 0.240714
1 0.334026 0.521197 0.144777
1 0.249906 0.385643 0.364451
-1 0.219456 0.254513 0.526032
0 0.478627 0.274166 0.247207
-1 0.164794 0.355886 0.479321
1 0.14429 0.550273 0.305437
0 0.783906 0.183449 0.0326451
1 0.413414 0.432091 0.154496
-1 0.211698 0.266363 0.521938
1 0.361799 0.430453 0.207748
1 0.167346 0.458869 0.373785
0 0.598699 0.258602 0.1427
1 0.107555 0.685397 0.207049
1 0.377506 0.445079 0.177416
1 0.124154 0.574478 0.301367
1 0.373548 0.450532 0.175921
0 0.841384 0.099143 0.0594735
-1 0.363761 0.244934 0.391305
0 0.732237 0.191256 0.076507
1 0.358708 0.501788 0.139504
0 0.681214 0.174967 0.143819
0 0.421323 0.256171 0.322506
1 0.316382 0.425994 0.257624
0 0.767815 0.150243 0.0819426
0 0.5673 0.267843 0.164857
0 0.497973 0.33501 0.167017
1 0.144032 0.642767 0.213201
0 0.506313 0.267602 0.226085
-1 0.248667 0.297485 0.453848
1 0.425932 0.479798 0.0942693
1 0.159335 0.62383 0.216836
1 0.346151 0.354402 0.299447
1 0.245442 0.428399 0.326159
-1 0.139628 0.414224 0.446148
-1 0.176829 0.384035 0.439136
1 0.18198 0.562505 0.255515
0 0.401865 0.350389 0.247746
1 0.310268 0.371728 0.318004
0 0.503736 0.382595 0.113668
-1 0.152424 0.219591 0.627984
-1 0.209043 0.286943 0.504014
1 0.0802744 0.572021 0.347704
1 0.355833 0.495456 0.148711
1 0.3036 0.483193 0.213207
1 0.136951 0.44867 0.414379
0 0.59788 0.301373 0.100747
0 0.673509 0.236491 0.0900006
-1 0.139493 0.27189 0.588617
1 0.404871 0.419164 0.175965
0 0.532108 0.28489 0.183002
-1 0.284449 0.25692 0.458631
1 0.223894 0.405804 0.370302
0 0.441783 0.208077 0.35014
-1 0.267389 0.178291 0.55432
0 0.451316 0.278069 0.270614
-1 0.0912245 0.27694 0.631836
-1 0.134642 0.226249 0.639109
1 0.199085 0.416542 0.384373
-1 0.164236 0.302085 0.533678
-1 0.0994818 0.243492 0.657026
0 0.439879 0.438237 0.121884
0 0.511057 0.326787 0.162156
0 0.490745 0.350578 0.158677
-1 0.365672 0.212601 0.421727
1 0.278498 0.567505 0.153997
-1 0.381558 0.210835 0.407607
0 0.81198 0.149154 0.038866
0 0.902361 0.0779558 0.0196834
