labels 1 -1 0
-1 0.316949 0.669325 0.0137261
-1 0.319877 0.634266 0.0458577
-1 0.448592 0.54601 0.00539804
-1 0.143141 0.796154 0.0607043
-1 0.3658 0.621886 0.0123139
-1 0.177853 0.820433 0.00171422
-1 0.16903 0.830413 0.000556839
-1 0.288264 0.711666 6.97365e-05
-1 0.420068 0.579618 0.000313546
1 0.558043 0.43914 0.00281706
1 0.756703 0.242741 0.00055565
1 0.613704 0.384609 0.00168749
-1 0.385741 0.613479 0.000780133
-1 0.0755341 0.924224 0.000242246
1 0.500883 0.498677 0.000440563
-1 0.283432 0.715564 0.00100415
-1 0.169884 0.830052 6.38092e-05
-1 0.464886 0.534569 0.000544966
1 0.843075 0.156152 0.000772883
1 0.606835 0.393012 0.00015278
1 0.610177 0.389741 8.19072e-05
-1 0.261345 0.738637 1.78196e-05
-1 0.30816 0.691816 2.41153e-05
1 0.600014 0.399487 0.000498875
1 0.51406 0.485695 0.000244937
-1 0.363278 0.636397 0.000324615
-1 0.411928 0.587909 0.000163228
-1 0.204296 0.795613 9.07282e-05
1 0.513399 0.484402 0.00219913
-1 0.445659 0.551664 0.00267707
-1 0.446344 0.551329 0.00232764
1 0.902303 0.0941996 0.00349754
1 0.63525 0.364487 0.000263519
1 0.839047 0.160083 0.000870668
1 0.767709 0.228167 0.0041238
1 0.703948 0.292465 0.00358639
1 0.70961 0.273901 0.0164883
1 0.787491 0.208085 0.00442424
1 0.8195 0.155968 0.0245329
1 0.705316 0.290701 0.00398244
1 0.691878 0.300312 0.00781009
1 0.754479 0.244668 0.000852392
1 0.51325 0.486069 0.000681206
1 0.642648 0.356867 0.000484889
1 0.725714 0.272568 0.00171897
1 0.53557 0.463434 0.000996094
1 0.605681 0.393838 0.00048035
-1 0.313177 0.68553 0.00129347
-1 0.444835 0.545374 0.00979088
-1 0.197684 0.794546 0.00776973
1 0.530196 0.462544 0.00726047
-1 0.4338 0.483071 0.083129
1 0.677118 0.313182 0.00969938
1 0.698365 0.29175 0.0098852
1 0.879151 0.109429 0.0114198
1 0.66944 0.260683 0.0698769
1 0.950631 0.0323703 0.0169992
1 0.925961 0.07082 0.00321897
1 0.924197 0.0669916 0.00881173
1 0.909347 0.090259 0.000393569
1 0.862638 0.134167 0.00319519
1 0.860349 0.137782 0.00186947
-1 0.469872 0.527876 0.0022523
1 0.728831 0.270855 0.000313596
1 0.642317 0.354963 0.00272015
1 0.691184 0.302676 0.00613969
-1 0.322219 0.673888 0.00389279
-1 0.303264 0.695003 0.00173387
-1 0.492674 0.504102 0.00322398
1 0.553536 0.42967 0.0167943
-1 0.403865 0.589613 0.00652241
1 0.539221 0.458383 0.00239557
-1 0.407626 0.589822 0.0025516
-1 0.432811 0.566305 0.00088332
1 0.505558 0.492685 0.00175724
1 0.617841 0.378682 0.00347642
1 0.65177 0.347002 0.0012276
-1 0.392549 0.595831 0.0116202
-1 0.426411 0.568245 0.00534379
1 0.501009 0.483673 0.0153183
-1 0.46727 0.525004 0.00772569
-1 0.149234 0.848988 0.00177773
1 0.607002 0.380849 0.0121492
-1 0.344879 0.654524 0.00059686
1 0.757386 0.237825 0.00478928
1 0.738541 0.260875 0.000584358
1 0.844824 0.154779 0.000397367
1 0.639255 0.360539 0.000205697
1 0.916447 0.0833535 0.000199221
1 0.853056 0.146531 0.000412911
1 0.832871 0.167032 9.73489e-05
1 0.619606 0.379958 0.000436039
1 0.778748 0.219726 0.00152548
-1 0.415778 0.584129 9.27668e-05
1 0.710308 0.28838 0.00131133
1 0.571355 0.428252 0.000392346
1 0.54825 0.451445 0.000304832
-1 0.17532 0.820593 0.00408635
1 0.692188 0.30507 0.00274121
-1 0.404212 0.423134 0.172654
1 0.702401 0.278052 0.0195463
1 0.519696 0.441184 0.0391208
-1 0.328004 0.66821 0.00378633
-1 0.449139 0.51515 0.0357108
-1 0.334981 0.644611 0.0204082
-1 0.286367 0.673249 0.0403841
1 0.810988 0.152563 0.0364492
-1 0.259332 0.730086 0.0105821
-1 0.272211 0.726722 0.00106725
-1 0.273893 0.719627 0.00647977
-1 0.159489 0.839642 0.000869238
-1 0.296025 0.692149 0.0118259
-1 0.356989 0.642009 0.00100153
-1 0.183584 0.816258 0.000158372
-1 0.196911 0.803018 7.07707e-05
-1 0.144819 0.855139 4.28116e-05
-1 0.0967489 0.903224 2.72451e-05
-1 0.269608 0.730322 6.9726e-05
-1 0.249928 0.749982 8.94982e-05
1 0.574079 0.425501 0.000420016
1 0.620908 0.378892 0.000199488
-1 0.456806 0.54299 0.000203683
1 0.580182 0.418724 0.0010933
1 0.674417 0.325368 0.00021562
1 0.811778 0.188206 1.64315e-05
1 0.745009 0.25242 0.00257115
1 0.769575 0.230239 0.000186493
1 0.761342 0.237518 0.00113998
1 0.559828 0.4399 0.000272141
-1 0.380815 0.616245 0.00294021
-1 0.343301 0.655785 0.0009139
1 0.77993 0.219572 0.000497754
1 0.88601 0.113785 0.000205185
1 0.782332 0.217236 0.000432296
1 0.85752 0.142473 7.39041e-06
1 0.553022 0.446858 0.000119311
1 0.707172 0.292801 2.72759e-05
1 0.797789 0.202101 0.000109841
1 0.577461 0.422167 0.00037214
-1 0.341168 0.658788 4.42703e-05
-1 0.339547 0.659676 0.000776477
1 0.642492 0.356925 0.000582929
1 0.697397 0.295258 0.00734496
1 0.703026 0.296669 0.000304779
1 0.820024 0.179536 0.000440732
1 0.853996 0.145585 0.000418372
1 0.834006 0.164761 0.001233
1 0.875943 0.123919 0.000137653
1 0.615035 0.384814 0.000150853
1 0.670175 0.329528 0.000297293
1 0.726153 0.273694 0.00015246
-1 0.493099 0.501512 0.00538867
1 0.584581 0.408712 0.00670732
1 0.706877 0.289891 0.00323273
1 0.846582 0.152619 0.000799068
-1 0.451551 0.54729 0.00115886
-1 0.434889 0.564431 0.000679956
-1 0.418405 0.581201 0.00039338
1 0.697511 0.300669 0.00182034
1 0.644718 0.343826 0.0114562
1 0.670666 0.327758 0.0015754
1 0.732436 0.265391 0.00217232
1 0.674474 0.314753 0.010773
1 0.508179 0.490876 0.000944824
1 0.754912 0.229431 0.0156576
1 0.851393 0.141299 0.00730758
1 0.972871 0.025637 0.00149225
1 0.733099 0.256036 0.0108647
1 0.714149 0.244382 0.0414693
-1 0.296663 0.690987 0.0123504
1 0.56533 0.406639 0.0280308
1 0.541501 0.449911 0.00858771
1 0.539114 0.38947 0.0714165
1 0.534941 0.450917 0.0141414
-1 0.419061 0.580403 0.000536045
-1 0.289638 0.708201 0.00216083
-1 0.1953 0.804252 0.000447782
-1 0.128149 0.870492 0.0013589
-1 0.321361 0.678457 0.000181518
-1 0.288509 0.710084 0.00140776
-1 0.138136 0.861807 5.68912e-05
-1 0.339963 0.65948 0.000557298
-1 0.136922 0.862855 0.000222648
-1 0.323027 0.67664 0.000333489
1 0.690861 0.308653 0.000485873
-1 0.296259 0.703228 0.00051296
1 0.552374 0.446124 0.00150195
1 0.952156 0.0474284 0.000415582
1 0.612909 0.382802 0.00428905
1 0.676983 0.322046 0.00097067
1 0.691261 0.307652 0.00108648
1 0.6246 0.375261 0.000139063
-1 0.288703 0.711207 9.03581e-05
1 0.748399 0.251308 0.000293063
-1 0.243724 0.75586 0.0004152
-1 0.468656 0.515891 0.0154526
1 0.663767 0.334192 0.00204074
1 0.604942 0.362709 0.032349
1 0.744037 0.250372 0.00559107
1 0.711537 0.28786 0.000602771
1 0.733954 0.265612 0.00043369
1 0.526942 0.472405 0.00065211
1 0.587302 0.411986 0.000712265
1 0.780183 0.219499 0.000317833
-1 0.408968 0.586297 0.00473422
1 0.632397 0.367376 0.000226779
-1 0.491347 0.508224 0.000428786
1 0.525056 0.47368 0.00126424
-1 0.246954 0.752823 0.000222496
1 0.778427 0.219414 0.00215864
1 0.751394 0.248228 0.000378055
1 0.841649 0.15625 0.00210085
1 0.731957 0.266231 0.00181118
1 0.649349 0.271241 0.0794104
1 0.754897 0.242402 0.00270155
-1 0.463888 0.528088 0.00802459
1 0.703834 0.28235 0.0138161
-1 0.415063 0.537948 0.0469883
1 0.776606 0.121688 0.101705
1 0.619083 0.316964 0.0639526
1 0.82001 0.170196 0.00979405
1 0.81344 0.177362 0.00919851
1 0.664745 0.287985 0.0472699
1 0.729919 0.204841 0.0652404
1 0.903044 0.0890904 0.00786532
1 0.789181 0.202378 0.00844105
1 0.802351 0.149639 0.04801
1 0.797062 0.197453 0.00548481
1 0.848691 0.141232 0.0100773
1 0.927021 0.0716072 0.0013719
1 0.6425 0.355522 0.00197706
1 0.602147 0.396942 0.000911354
1 0.885067 0.113707 0.00122586
1 0.510845 0.475651 0.013504
-1 0.418402 0.580767 0.000830811
1 0.540318 0.457185 0.00249692
-1 0.494317 0.504166 0.00151689
-1 0.422407 0.576548 0.00104565
1 0.51186 0.48665 0.00149033
-1 0.410027 0.589472 0.00050048
-1 0.385473 0.613573 0.000953785
-1 0.468087 0.531633 0.000279092
1 0.828562 0.170422 0.00101547
1 0.527748 0.47151 0.000741246
-1 0.254608 0.745126 0.000265482
-1 0.312201 0.687413 0.00038633
