labels 0 1 -1
0 0.812729 0.120706 0.0665653
0 0.877912 0.0552793 0.0668088
0 0.895529 0.0583813 0.0460892
0 0.773548 0.00818235 0.21827
-1 0.159201 0.160621 0.680177
-1 0.140933 0.0942169 0.76485
-1 0.262037 0.102253 0.635709
0 0.589628 0.0301035 0.380268
0 0.613494 0.102147 0.284359
0 0.77541 0.149585 0.075005
-1 0.314542 0.269598 0.41586
1 0.264765 0.417709 0.317526
0 0.562168 0.260427 0.177405
0 0.615636 0.0494626 0.334901
1 0.34409 0.45646 0.199449
0 0.761631 0.209857 0.0285127
0 0.858239 0.0542789 0.0874825
0 0.977806 0.00836658 0.013827
0 0.602005 0.338765 0.0592299
0 0.509749 0.438649 0.0516026
1 0.194714 0.718232 0.0870544
0 0.856143 0.0498588 0.0939981
0 0.796969 0.0588483 0.144183
0 0.488199 0.150681 0.36112
0 0.700457 0.218072 0.0814717
0 0.349112 0.328116 0.322772
0 0.51074 0.203289 0.285971
-1 0.229307 0.0298675 0.740825
0 0.628649 0.0859334 0.285418
0 0.734324 0.00504599 0.26063
0 0.714424 0.0170813 0.268494
0 0.731853 0.0497781 0.218369
0 0.489568 0.114962 0.39547
0 0.583823 0.145571 0.270606
0 0.639714 0.143256 0.21703
0 0.682538 0.0810035 0.236459
0 0.427578 0.376576 0.195847
0 0.689119 0.274438 0.0364422
1 0.283866 0.659192 0.0569413
1 0.343045 0.459066 0.197889
1 0.154905 0.773811 0.0712836
1 0.336807 0.545303 0.11789
1 0.168853 0.653575 0.177571
1 0.271687 0.397596 0.330717
1 0.319739 0.544085 0.136176
1 0.0408555 0.498534 0.460611
1 0.173836 0.51694 0.309224
-1 0.0935849 0.0588356 0.847579
0 0.525967 0.18232 0.291713
-1 0.179766 0.0648744 0.755359
1 0.205524 0.400016 0.394461
-1 0.403071 0.136368 0.460561
0 0.469408 0.391344 0.139249
0 0.739502 0.174228 0.0862708
0 0.768995 0.201883 0.0291214
0 0.481315 0.391504 0.127181
1 0.225445 0.748516 0.0260383
1 0.138316 0.813611 0.0480733
0 0.615557 0.281826 0.102617
1 0.444517 0.5131 0.0423839
0 0.468337 0.348903 0.18276
1 0.0943755 0.811903 0.0937217
-1 0.31522 0.316709 0.368071
1 0.341536 0.549412 0.109052
0 0.558965 0.336019 0.105017
0 0.605356 0.366094 0.0285495
0 0.765719 0.157288 0.0769925
0 0.881282 0.0749993 0.0437183
0 0.565943 0.272407 0.16165
0 0.850969 0.100009 0.0490227
0 0.765238 0.0661773 0.168585
0 0.667276 0.0710069 0.261717
0 0.908261 0.0102727 0.0814667
0 0.900751 0.0137095 0.0855395
0 0.896223 0.0622102 0.0415665
0 0.606031 0.296448 0.0975215
1 0.108315 0.872686 0.0189986
0 0.687473 0.100213 0.212314
0 0.888509 0.0966489 0.0148419
0 0.700097 0.0905417 0.209361
0 0.632677 0.193257 0.174066
0 0.791893 0.0647089 0.143398
0 0.698805 0.252749 0.0484454
0 0.590742 0.0547989 0.354459
0 0.729371 0.0623768 0.208253
0 0.611284 0.0800706 0.308646
0 0.497099 0.40417 0.0987315
0 0.480781 0.116156 0.403063
1 0.388721 0.511828 0.0994518
1 0.364771 0.457809 0.17742
1 0.198372 0.749203 0.0524254
1 0.271588 0.59945 0.128962
1 0.186343 0.508304 0.305353
-1 0.14169 0.375048 0.483262
1 0.129622 0.66604 0.204338
-1 0.179844 0.33133 0.488827
1 0.37781 0.476854 0.145336
-1 0.267302 0.226841 0.505857
1 0.115415 0.609401 0.275185
-1 0.339779 0.204186 0.456035
-1 0.187287 0.371908 0.440805
1 0.120236 0.446924 0.43284
-1 0.260259 0.284272 0.455469
-1 0.125585 0.423516 0.450899
-1 0.245105 0.347635 0.407259
0 0.511614 0.147533 0.340853
1 0.299631 0.490389 0.20998
1 0.226803 0.467774 0.305423
1 0.0294338 0.84426 0.126306
0 0.404827 0.321735 0.273438
-1 0.331086 0.263974 0.40494
1 0.243704 0.491784 0.264512
1 0.231189 0.478084 0.290727
1 0.199846 0.472793 0.327361
-1 0.0952805 0.364312 0.540407
-1 0.343659 0.26682 0.389521
0 0.562514 0.133634 0.303852
0 0.386842 0.325026 0.288132
0 0.733109 0.04704 0.219851
0 0.643928 0.159224 0.196848
0 0.583057 0.323931 0.0930124
1 0.390439 0.558742 0.0508193
0 0.432915 0.336717 0.230367
1 0.251725 0.580126 0.168149
0 0.672315 0.220831 0.106854
0 0.788349 0.0735042 0.138147
0 0.80996 0.161883 0.0281568
1 0.459294 0.520074 0.020632
0 0.650664 0.294161 0.0551754
1 0.324419 0.5947 0.080881
0 0.935302 0.0122997 0.0523983
0 0.78946 0.0847172 0.125823
0 0.510543 0.0981605 0.391296
0 0.507864 0.206411 0.285724
0 0.489202 0.33633 0.174468
0 0.52891 0.123823 0.347266
0 0.584263 0.167773 0.247964
1 0.31926 0.577489 0.103252
1 0.39173 0.469845 0.138425
0 0.483044 0.445904 0.0710526
-1 0.150132 0.107375 0.742493
0 0.481938 0.250409 0.267653
-1 0.330958 0.311336 0.357705
0 0.431364 0.349088 0.219548
-1 0.223494 0.0533166 0.72319
-1 0.357948 0.228246 0.413806
1 0.115102 0.633098 0.2518
1 0.076514 0.857431 0.0660554
1 0.0395586 0.893583 0.0668587
0 0.888011 0.0400814 0.0719071
0 0.658134 0.304385 0.0374807
0 0.726097 0.102609 0.171293
0 0.481368 0.413085 0.105546
0 0.488872 0.328305 0.182823
0 0.609973 0.2947 0.0953267
0 0.43919 0.431096 0.129714
1 0.298021 0.579503 0.122476
0 0.540786 0.271767 0.187447
1 0.305274 0.364747 0.329979
1 0.126405 0.740061 0.133534
0 0.956094 0.0300139 0.0138917
1 0.393148 0.568729 0.0381231
0 0.833794 0.119715 0.0464909
0 0.721293 0.103424 0.175283
0 0.811292 0.038638 0.15007
0 0.993743 0.0011027 0.0051541
0 0.75295 0.207189 0.0398609
0 0.85134 0.0199154 0.128745
0 0.777917 0.167776 0.0543065
0 0.858786 0.0252533 0.115961
0 0.832959 0.097833 0.0692077
0 0.799785 0.0880934 0.112122
0 0.866135 0.0898187 0.0440459
0 0.632437 0.310673 0.05689
1 0.434025 0.515863 0.0501115
-1 0.405667 0.103754 0.490578
0 0.860752 0.0410292 0.0982189
0 0.647651 0.0184108 0.333938
0 0.813602 0.0898062 0.0965919
0 0.47971 0.164532 0.355758
-1 0.21261 0.0788417 0.708548
0 0.691733 0.0396834 0.268584
-1 0.269461 0.251622 0.478916
1 0.270946 0.409703 0.31935
0 0.744674 0.211657 0.0436692
1 0.340681 0.594099 0.0652198
-1 0.307058 0.263515 0.429427
1 0.127381 0.829261 0.0433576
0 0.455222 0.373567 0.17121
0 0.829407 0.111726 0.0588667
-1 0.150306 0.286304 0.56339
1 0.354529 0.373087 0.272385
0 0.543002 0.0595681 0.397429
0 0.599357 0.241703 0.15894
0 0.73896 0.126829 0.134212
0 0.922114 0.0284958 0.0493898
0 0.757257 0.162879 0.0798644
0 0.929109 0.0317806 0.0391106
0 0.845461 0.105958 0.0485815
0 0.510623 0.0200484 0.469329
0 0.815969 0.117685 0.0663457
-1 0.223942 0.174983 0.601075
-1 0.355044 0.111511 0.533445
0 0.690192 0.170512 0.139296
0 0.534758 0.393499 0.0717425
1 0.321182 0.624239 0.0545791
1 0.171982 0.652534 0.175484
1 0.228582 0.666529 0.104889
1 0.239692 0.381751 0.378557
1 0.216084 0.550987 0.232929
1 0.310227 0.399467 0.290306
1 0.193055 0.709593 0.0973517
1 0.134895 0.724335 0.14077
1 0.293854 0.602173 0.103974
1 0.104211 0.784558 0.11123
-1 0.144541 0.403227 0.452232
0 0.54758 0.366974 0.085446
0 0.498815 0.345575 0.155609
0 0.429463 0.390555 0.179981
1 0.370523 0.489198 0.140279
1 0.232981 0.662194 0.104825
0 0.760741 0.160556 0.0787032
1 0.384991 0.477702 0.137307
0 0.794124 0.10546 0.100416
1 0.302293 0.652349 0.0453574
0 0.77486 0.152678 0.0724621
0 0.526596 0.37226 0.101143
0 0.85523 0.112705 0.0320644
0 0.714569 0.149209 0.136222
0 0.501264 0.304612 0.194123
0 0.853955 0.0383643 0.107681
0 0.87252 0.00693502 0.120545
0 0.942244 0.0348279 0.0229286
1 0.115669 0.715312 0.169019
0 0.516529 0.154105 0.329366
0 0.44902 0.250131 0.300849
0 0.729503 0.120691 0.149805
0 0.704944 0.0984814 0.196574
0 0.687259 0.243288 0.0694533
0 0.602701 0.340691 0.0566076
0 0.832514 0.116199 0.0512869
0 0.625593 0.230105 0.144303
0 0.8242 0.150007 0.0257932
1 0.386933 0.548856 0.064211
0 0.862107 0.0672435 0.0706494
0 0.89315 0.0836976 0.0231529
