labels 0 1 -1
0 0.554367 0.252587 0.193047
0 0.752784 0.100794 0.146422
0 0.548639 0.295246 0.156116
0 0.393085 0.28834 0.318575
1 0.269027 0.398559 0.332414
1 0.212335 0.396649 0.391015
-1 0.294468 0.280875 0.424658
0 0.900864 0.0812738 0.017862
-1 0.328642 0.306523 0.364835
1 0.363778 0.381169 0.255053
-1 0.129087 0.248563 0.62235
-1 0.0956839 0.431094 0.473222
1 0.287832 0.358426 0.353742
1 0.196437 0.463454 0.340109
1 0.168006 0.45898 0.373014
1 0.322344 0.346759 0.330897
-1 0.269852 0.33939 0.390758
1 0.227861 0.420243 0.351896
1 0.174344 0.450664 0.374992
0 0.434668 0.317983 0.247349
0 0.515908 0.231973 0.252119
0 0.36799 0.281518 0.350492
0 0.696836 0.111443 0.191721
0 0.439437 0.260562 0.3
1 0.361334 0.437174 0.201492
0 0.365503 0.278732 0.355764
0 0.402274 0.267007 0.330718
0 0.515867 0.233098 0.251034
0 0.537998 0.204672 0.25733
0 0.482647 0.292444 0.224909
-1 0.220934 0.311123 0.467942
0 0.421603 0.335191 0.243205
-1 0.37614 0.196049 0.42781
-1 0.301723 0.342791 0.355485
-1 0.281368 0.249902 0.46873
1 0.163553 0.448722 0.387725
1 0.271856 0.374655 0.35349
0 0.43232 0.145668 0.422012
1 0.257368 0.508649 0.233984
0 0.72091 0.188354 0.0907361
1 0.312026 0.357464 0.33051
0 0.767394 0.108446 0.12416
0 0.644234 0.221414 0.134352
-1 0.30773 0.336858 0.355412
0 0.370455 0.273404 0.356141
-1 0.166212 0.407108 0.426679
1 0.257995 0.398379 0.343626
-1 0.211199 0.252614 0.536187
1 0.168666 0.499634 0.3317
-1 0.140984 0.273469 0.585547
-1 0.227388 0.27457 0.498042
-1 0.235128 0.288521 0.476351
1 0.282885 0.453144 0.263971
1 0.332801 0.341607 0.325592
0 0.408944 0.380898 0.210159
1 0.334405 0.363077 0.302519
0 0.595676 0.231779 0.172545
0 0.39548 0.243086 0.361434
0 0.569542 0.295466 0.134992
0 0.676454 0.11325 0.210296
-1 0.295207 0.0789619 0.625831
-1 0.216573 0.255681 0.527746
1 0.132749 0.515505 0.351746
1 0.294679 0.419395 0.285926
1 0.176476 0.435566 0.387957
0 0.384645 0.348226 0.267128
1 0.368093 0.37014 0.261766
1 0.288582 0.380437 0.330981
1 0.227628 0.42717 0.345202
0 0.749327 0.226701 0.0239728
0 0.489953 0.119787 0.390259
0 0.393547 0.287558 0.318896
0 0.593184 0.247415 0.159401
1 0.301198 0.458554 0.240248
0 0.487008 0.287816 0.225176
0 0.453947 0.239079 0.306974
0 0.645729 0.185762 0.168509
0 0.433468 0.373113 0.19342
0 0.693375 0.172057 0.134568
0 0.669825 0.167706 0.162469
0 0.647786 0.183712 0.168502
0 0.828467 0.142883 0.0286506
0 0.479158 0.326115 0.194727
0 0.423191 0.312949 0.26386
0 0.407231 0.316137 0.276632
0 0.47968 0.350656 0.169664
0 0.546139 0.218527 0.235335
0 0.604644 0.323699 0.0716571
0 0.491882 0.197065 0.311053
0 0.398791 0.242432 0.358777
0 0.58643 0.267287 0.146283
0 0.529298 0.259905 0.210797
-1 0.304148 0.0651567 0.630695
1 0.15643 0.476487 0.367083
1 0.14536 0.428187 0.426453
-1 0.171949 0.383415 0.444636
1 0.285867 0.420528 0.293604
1 0.298507 0.356307 0.345186
1 0.299268 0.400591 0.300141
1 0.150585 0.451861 0.397554
1 0.132 0.468643 0.399357
1 0.142751 0.497102 0.360147
1 0.23897 0.422238 0.338793
1 0.201237 0.465935 0.332828
1 0.225513 0.435015 0.339472
1 0.188393 0.456745 0.354861
-1 0.301803 0.226578 0.471619
-1 0.212168 0.353527 0.434305
1 0.17069 0.528394 0.300917
0 0.370461 0.33576 0.293778
1 0.160056 0.44545 0.394494
-1 0.298319 0.254559 0.447121
1 0.277575 0.397816 0.324608
-1 0.163607 0.327284 0.509109
-1 0.339946 0.190758 0.469296
1 0.184925 0.542068 0.273006
1 0.253246 0.444863 0.30189
1 0.250995 0.407568 0.341437
-1 0.241641 0.356629 0.40173
0 0.454184 0.256346 0.28947
1 0.197071 0.403123 0.399807
1 0.237079 0.397861 0.36506
0 0.43632 0.330803 0.232878
1 0.170329 0.416722 0.412949
1 0.279203 0.426947 0.29385
1 0.352818 0.388709 0.258473
1 0.310496 0.476676 0.212827
-1 0.222961 0.384472 0.392567
0 0.432352 0.336106 0.231542
1 0.253133 0.485102 0.261766
1 0.238622 0.463035 0.298342
1 0.217057 0.423629 0.359314
1 0.256229 0.446486 0.297285
1 0.161416 0.496505 0.342079
0 0.418348 0.359713 0.221939
-1 0.244505 0.356138 0.399358
1 0.235654 0.401961 0.362385
1 0.264114 0.436741 0.299145
1 0.18286 0.486752 0.330388
0 0.541364 0.304482 0.154154
-1 0.150079 0.274135 0.575787
1 0.161992 0.527488 0.31052
1 0.272122 0.426723 0.301155
1 0.268466 0.40835 0.323184
-1 0.244748 0.202932 0.55232
-1 0.207553 0.309772 0.482674
-1 0.195023 0.347624 0.457353
-1 0.333212 0.237743 0.429045
1 0.16947 0.542501 0.288029
0 0.418436 0.355662 0.225902
1 0.244828 0.432069 0.323103
1 0.225122 0.45208 0.322798
1 0.366117 0.411177 0.222706
1 0.16444 0.457131 0.37843
-1 0.256091 0.25855 0.485358
-1 0.134207 0.396076 0.469717
1 0.13579 0.5025 0.36171
1 0.211141 0.430904 0.357956
1 0.158259 0.523581 0.31816
0 0.383811 0.323263 0.292926
0 0.440346 0.338208 0.221446
1 0.428275 0.443381 0.128343
0 0.482856 0.249425 0.267719
0 0.508587 0.220746 0.270666
1 0.29837 0.51135 0.190281
1 0.353575 0.499124 0.1473
1 0.353687 0.40553 0.240783
0 0.654993 0.218873 0.126134
0 0.614435 0.246553 0.139012
0 0.693127 0.208618 0.0982548
0 0.65559 0.211288 0.133122
-1 0.218598 0.318111 0.463292
-1 0.29151 0.249075 0.459414
0 0.724168 0.156927 0.118905
0 0.720716 0.160646 0.118638
0 0.424248 0.172628 0.403124
0 0.797086 0.14104 0.0618739
0 0.733378 0.157356 0.109266
-1 0.336254 0.295792 0.367954
1 0.300405 0.351969 0.347626
-1 0.153784 0.276567 0.569649
1 0.297468 0.356725 0.345808
1 0.193983 0.485579 0.320438
1 0.255061 0.394976 0.349963
0 0.914608 0.0703175 0.0150749
0 0.655921 0.185688 0.158391
0 0.384606 0.268742 0.346652
0 0.528541 0.284514 0.186945
-1 0.259884 0.368659 0.371457
0 0.582602 0.247531 0.169868
1 0.195972 0.406109 0.397919
0 0.384105 0.334878 0.281016
-1 0.20372 0.267733 0.528546
0 0.337756 0.327281 0.334962
0 0.739269 0.158836 0.101894
0 0.395618 0.264587 0.339795
0 0.560271 0.247165 0.192565
-1 0.23136 0.22167 0.54697
1 0.330157 0.375793 0.29405
1 0.245733 0.377768 0.376499
1 0.243971 0.387796 0.368233
0 0.551459 0.290059 0.158482
0 0.5505 0.226447 0.223053
0 0.393084 0.286283 0.320633
-1 0.218573 0.339543 0.441884
1 0.153957 0.436688 0.409354
-1 0.221724 0.197336 0.58094
1 0.157873 0.520673 0.321454
1 0.15184 0.485261 0.362899
-1 0.214938 0.26375 0.521313
-1 0.225132 0.28241 0.492458
1 0.251436 0.458665 0.289898
-1 0.287383 0.274215 0.438402
1 0.247712 0.497385 0.254904
0 0.392199 0.362665 0.245137
1 0.260249 0.465393 0.274358
0 0.456269 0.283466 0.260266
-1 0.203434 0.298672 0.497894
-1 0.267197 0.170549 0.562254
1 0.128121 0.595313 0.276566
0 0.534007 0.290724 0.175269
0 0.495775 0.306599 0.197626
0 0.43429 0.414305 0.151405
0 0.710445 0.0804237 0.209131
1 0.3723 0.409503 0.218197
0 0.505653 0.256168 0.238179
0 0.481592 0.287901 0.230507
0 0.610088 0.273487 0.116425
1 0.377883 0.387863 0.234253
-1 0.27614 0.354248 0.369611
0 0.537285 0.243761 0.218955
0 0.380163 0.275849 0.343988
0 0.45645 0.333512 0.210037
1 0.227229 0.420247 0.352524
1 0.221379 0.428455 0.350166
-1 0.295807 0.201257 0.502936
-1 0.182336 0.339328 0.478337
-1 0.171016 0.283336 0.545648
0 0.458024 0.369578 0.172398
0 0.431441 0.374457 0.194102
0 0.764332 0.0981834 0.137484
0 0.55471 0.15263 0.29266
0 0.474054 0.253015 0.27293
0 0.599511 0.139821 0.260668
0 0.658688 0.276018 0.0652949
0 0.886245 0.0859592 0.0277963
