labels 0 1 -1
0 0.740863 0.136244 0.122894
0 0.770516 0.0243089 0.205175
0 0.500051 0.333095 0.166854
-1 0.230405 0.016743 0.752852
-1 0.172638 0.176546 0.650815
0 0.562469 0.0727491 0.364782
0 0.759358 0.0949589 0.145683
0 0.958143 0.0133228 0.0285337
0 0.725468 0.0518725 0.222659
0 0.874769 0.056834 0.0683965
-1 0.15987 0.3017 0.53843
0 0.526217 0.288219 0.185564
-1 0.291009 0.201389 0.507602
0 0.589338 0.12899 0.281672
-1 0.344914 0.182065 0.47302
0 0.584709 0.275982 0.139309
0 0.781578 0.158004 0.0604174
0 0.748592 0.18536 0.0660476
1 0.32852 0.538335 0.133146
0 0.81577 0.112328 0.0719024
1 0.355144 0.549871 0.094985
0 0.767262 0.138703 0.0940357
0 0.563163 0.267098 0.169739
1 0.32905 0.404919 0.266031
0 0.838542 0.0963475 0.065111
0 0.599716 0.193952 0.206332
0 0.65191 0.168103 0.179986
-1 0.386463 0.0275959 0.585941
-1 0.392865 0.139061 0.468073
0 0.877236 0.00646076 0.116304
0 0.515201 0.126137 0.358662
0 0.606564 0.0473769 0.34606
0 0.790047 0.0475399 0.162413
0 0.741914 0.0619747 0.196111
0 0.740123 0.116273 0.143604
0 0.404261 0.191595 0.404144
1 0.348091 0.442466 0.209444
0 0.681535 0.211443 0.107022
1 0.39964 0.525163 0.0751968
1 0.401843 0.414241 0.183916
1 0.274055 0.512216 0.213729
0 0.675632 0.239611 0.0847567
1 0.118738 0.723982 0.15728
1 0.415637 0.438971 0.145392
1 0.183483 0.721068 0.0954485
-1 0.158526 0.332734 0.50874
1 0.18147 0.561516 0.257014
-1 0.19883 0.162279 0.638891
0 0.43918 0.170126 0.390694
-1 0.216115 0.0919582 0.691927
0 0.418828 0.179986 0.401185
-1 0.261932 0.257282 0.480786
1 0.218466 0.547023 0.23451
0 0.677559 0.224681 0.0977608
1 0.423432 0.523833 0.0527352
0 0.563205 0.249999 0.186796
1 0.231715 0.73078 0.0375047
1 0.394795 0.509189 0.0960162
0 0.535894 0.328558 0.135548
1 0.207037 0.759175 0.0337875
1 0.378257 0.410866 0.210878
1 0.118472 0.79219 0.0893376
1 0.254352 0.434046 0.311602
1 0.374502 0.508131 0.117367
1 0.143479 0.625908 0.230613
1 0.298946 0.511469 0.189585
0 0.476351 0.444861 0.078788
0 0.615802 0.143983 0.240216
1 0.233815 0.620312 0.145873
0 0.610409 0.275383 0.114208
-1 0.382629 0.225458 0.391913
0 0.682626 0.112564 0.20481
0 0.594568 0.293698 0.111734
0 0.918177 0.0564306 0.0253927
0 0.759264 0.118045 0.122691
0 0.508104 0.307478 0.184418
0 0.54755 0.42499 0.0274592
0 0.705 0.0969938 0.198006
1 0.417993 0.557395 0.0246119
0 0.663952 0.089838 0.24621
0 0.738577 0.118998 0.142425
0 0.887296 0.0233119 0.0893923
0 0.726291 0.147133 0.126576
-1 0.468278 0.0524046 0.479317
-1 0.366838 0.093575 0.539587
0 0.521673 0.159284 0.319042
0 0.564738 0.103672 0.33159
0 0.922528 0.0381962 0.0392756
0 0.682421 0.157982 0.159598
0 0.470991 0.273405 0.255604
0 0.497369 0.350055 0.152576
0 0.518298 0.344044 0.137657
-1 0.187038 0.313078 0.499884
-1 0.138951 0.427335 0.433713
-1 0.101499 0.374818 0.523684
-1 0.143217 0.134894 0.72189
1 0.393066 0.489663 0.117271
-1 0.339538 0.23674 0.423722
0 0.420968 0.389822 0.18921
-1 0.287719 0.133345 0.578936
-1 0.176448 0.186297 0.637256
1 0.208826 0.434689 0.356486
-1 0.361291 0.237865 0.400844
1 0.131442 0.684746 0.183811
0 0.410009 0.349289 0.240702
0 0.741649 0.133345 0.125007
1 0.213448 0.602261 0.184291
-1 0.312708 0.231897 0.455395
1 0.102503 0.713133 0.184365
0 0.384237 0.328356 0.287407
0 0.527466 0.20155 0.270984
1 0.0544774 0.768991 0.176531
1 0.201684 0.602113 0.196202
-1 0.306544 0.182218 0.511238
-1 0.119045 0.377938 0.503017
1 0.21199 0.557023 0.230988
0 0.607034 0.283122 0.109844
-1 0.418131 0.157736 0.424134
1 0.423556 0.428601 0.147843
1 0.293046 0.524806 0.182148
-1 0.292885 0.33432 0.372795
0 0.499281 0.41838 0.0823395
0 0.750579 0.1307 0.118722
1 0.272646 0.525716 0.201638
0 0.532326 0.342797 0.124877
0 0.653737 0.185157 0.161106
1 0.369209 0.571539 0.0592521
1 0.25351 0.633243 0.113246
1 0.277839 0.545331 0.17683
-1 0.256339 0.314673 0.428987
0 0.621406 0.113142 0.265453
0 0.363558 0.333875 0.302566
-1 0.400578 0.154406 0.445016
1 0.220393 0.484001 0.295606
1 0.411294 0.416624 0.172081
0 0.413898 0.383612 0.202489
1 0.201008 0.590233 0.208759
1 0.174457 0.682194 0.143349
1 0.297456 0.529157 0.173387
1 0.346525 0.410941 0.242534
-1 0.24199 0.2175 0.540509
-1 0.318273 0.202643 0.479084
-1 0.23141 0.343222 0.425368
0 0.48227 0.345452 0.172279
-1 0.185527 0.239151 0.575322
1 0.315018 0.346147 0.338835
1 0.140872 0.530209 0.32892
1 0.336997 0.48149 0.181513
1 0.0339243 0.88855 0.0775261
0 0.878745 0.0686119 0.0526432
1 0.225423 0.70374 0.0708371
-1 0.273975 0.106315 0.61971
1 0.253897 0.586906 0.159196
1 0.341622 0.498919 0.159459
1 0.380926 0.44065 0.178425
1 0.168743 0.546332 0.284925
1 0.28455 0.425805 0.289645
1 0.3049 0.581546 0.113554
1 0.173927 0.547094 0.278979
1 0.0928646 0.776894 0.130241
0 0.790607 0.0336248 0.175768
0 0.56289 0.31914 0.11797
0 0.447543 0.222203 0.330255
0 0.714409 0.133227 0.152364
0 0.482733 0.344412 0.172855
0 0.965358 0.0127702 0.021872
0 0.722695 0.180998 0.0963065
0 0.729711 0.0402115 0.230078
0 0.476436 0.347563 0.176001
0 0.709145 0.0580324 0.232822
0 0.504635 0.356106 0.139258
0 0.608264 0.218646 0.173089
0 0.508926 0.251868 0.239206
0 0.761991 0.186004 0.0520044
0 0.489953 0.436317 0.07373
0 0.571229 0.204518 0.224253
0 0.881327 0.0500164 0.0686567
0 0.731383 0.0343372 0.23428
0 0.876741 0.0280028 0.0952567
0 0.498989 0.182194 0.318818
-1 0.198379 0.144629 0.656992
0 0.669198 0.0598284 0.270974
-1 0.192148 0.277232 0.53062
0 0.387463 0.333324 0.279213
0 0.646171 0.337039 0.0167898
0 0.702936 0.234311 0.0627531
0 0.60269 0.188015 0.209295
1 0.223231 0.740122 0.0366472
0 0.50912 0.341647 0.149233
0 0.445749 0.410231 0.144019
-1 0.258033 0.354826 0.387141
1 0.26563 0.420493 0.313877
0 0.543543 0.103823 0.352634
0 0.55523 0.103747 0.341024
0 0.553784 0.343472 0.102744
0 0.596001 0.0414435 0.362555
0 0.696792 0.115434 0.187774
0 0.855355 0.0437159 0.100929
0 0.767419 0.149581 0.0829996
-1 0.36292 0.0263481 0.610732
0 0.743141 0.174672 0.0821871
-1 0.366764 0.0913747 0.541862
0 0.550109 0.152674 0.297217
0 0.75648 0.160072 0.083448
0 0.428553 0.275727 0.29572
0 0.458337 0.453398 0.0882647
-1 0.227523 0.346474 0.426003
1 0.349165 0.486896 0.16394
0 0.369808 0.332375 0.297817
1 0.138484 0.773279 0.0882368
0 0.467248 0.323857 0.208895
1 0.297874 0.545516 0.15661
1 0.079392 0.865334 0.0552743
0 0.416263 0.25695 0.326786
1 0.193029 0.69379 0.113181
1 0.105798 0.568289 0.325913
0 0.508487 0.405971 0.0855416
1 0.224967 0.48527 0.289763
-1 0.24988 0.354677 0.395442
1 0.0963188 0.777568 0.126113
1 0.267088 0.574107 0.158806
1 0.279287 0.641301 0.0794127
1 0.184438 0.668063 0.147498
0 0.754303 0.167238 0.0784591
1 0.342534 0.639106 0.0183602
0 0.416861 0.278795 0.304344
0 0.554743 0.342757 0.1025
0 0.543022 0.314845 0.142133
-1 0.253515 0.13777 0.608715
0 0.4026 0.313944 0.283457
0 0.569565 0.192574 0.23786
0 0.47042 0.0755456 0.454034
0 0.597859 0.25486 0.147281
-1 0.211794 0.268937 0.51927
-1 0.347509 0.150705 0.501785
-1 0.160909 0.366618 0.472473
0 0.667556 0.133105 0.199339
0 0.505066 0.195842 0.299092
0 0.612683 0.357381 0.0299363
1 0.353527 0.617462 0.0290109
0 0.877036 0.100141 0.0228225
0 0.717095 0.176465 0.106439
0 0.68728 0.205318 0.107401
1 0.464041 0.487389 0.0485703
0 0.901714 0.0643397 0.0339465
0 0.560261 0.398733 0.0410063
