labels 0 1 -1
0 0.556301 0.267715 0.175984
0 0.680404 0.113012 0.206584
0 0.42604 0.333464 0.240495
-1 0.382053 0.13184 0.486107
1 0.29157 0.569326 0.139104
-1 0.274551 0.358415 0.367034
-1 0.357983 0.271609 0.370408
0 0.641062 0.301152 0.0577853
-1 0.188229 0.185198 0.626573
0 0.586116 0.225095 0.188789
-1 0.121993 0.264269 0.613738
-1 0.155826 0.396838 0.447335
-1 0.177223 0.388763 0.434014
1 0.273251 0.543883 0.182865
-1 0.240087 0.305057 0.454856
0 0.424225 0.352885 0.22289
0 0.403213 0.307785 0.289003
1 0.322876 0.351706 0.325418
1 0.236325 0.409989 0.353687
0 0.521399 0.286223 0.192378
0 0.527743 0.290754 0.181503
0 0.492372 0.149298 0.35833
0 0.526274 0.221022 0.252704
-1 0.372972 0.251021 0.376007
1 0.385744 0.462927 0.151329
0 0.455815 0.188427 0.355758
0 0.366844 0.360242 0.272914
0 0.518875 0.267559 0.213565
0 0.4861 0.245645 0.268255
0 0.407745 0.361922 0.230333
-1 0.361129 0.192527 0.446343
0 0.462405 0.340738 0.196857
-1 0.271585 0.299663 0.428751
0 0.398281 0.25491 0.346809
0 0.473798 0.218804 0.307398
1 0.269263 0.419179 0.311558
-1 0.33113 0.305748 0.363122
0 0.668111 0.13736 0.194529
1 0.329096 0.550568 0.120335
0 0.84435 0.0698707 0.0857788
0 0.434103 0.299111 0.266786
0 0.83097 0.0448726 0.124157
0 0.453919 0.368002 0.178078
-1 0.290801 0.190991 0.518208
0 0.582999 0.265711 0.15129
1 0.263552 0.390439 0.34601
-1 0.163584 0.288607 0.547809
-1 0.202747 0.335463 0.46179
1 0.174676 0.460167 0.365157
-1 0.26206 0.218082 0.519858
1 0.293601 0.415421 0.290978
0 0.379237 0.3151 0.305663
0 0.461405 0.385565 0.15303
0 0.50826 0.237376 0.254364
0 0.782685 0.149632 0.0676832
0 0.578548 0.235401 0.186051
0 0.733907 0.132179 0.133915
0 0.433598 0.219453 0.346949
0 0.534155 0.298979 0.166867
0 0.591457 0.159416 0.249127
-1 0.405606 0.159223 0.435171
-1 0.24489 0.361362 0.393747
-1 0.0929514 0.227857 0.679192
0 0.60888 0.249764 0.141357
1 0.219488 0.467111 0.313401
0 0.581958 0.250409 0.167633
1 0.413304 0.442537 0.144159
0 0.524321 0.233198 0.242482
-1 0.299839 0.296492 0.403669
0 0.871706 0.109187 0.0191064
-1 0.368869 0.174188 0.456943
0 0.59038 0.134477 0.275143
0 0.596695 0.268795 0.134509
1 0.303747 0.44212 0.254133
0 0.606142 0.172967 0.220891
0 0.416364 0.33985 0.243785
0 0.628768 0.201051 0.170181
0 0.428317 0.387407 0.184277
0 0.749958 0.113245 0.136797
0 0.634205 0.200633 0.165162
0 0.637308 0.167693 0.194999
0 0.811755 0.144843 0.0434026
0 0.578409 0.236643 0.184948
-1 0.35161 0.27848 0.36991
0 0.459791 0.267073 0.273136
0 0.62243 0.204433 0.173138
0 0.381456 0.293446 0.325098
0 0.526584 0.379642 0.093774
0 0.424958 0.26178 0.313262
0 0.431465 0.151528 0.417007
0 0.60095 0.245448 0.153603
0 0.476468 0.270414 0.253118
-1 0.419099 0.07712 0.503781
1 0.210977 0.602846 0.186177
-1 0.179975 0.220613 0.599412
-1 0.240449 0.37814 0.381411
1 0.372935 0.459359 0.167706
0 0.365564 0.336896 0.29754
0 0.376495 0.369758 0.253747
-1 0.202747 0.369008 0.428245
1 0.189727 0.411263 0.399011
1 0.198172 0.472341 0.329487
1 0.228181 0.501963 0.269856
1 0.232254 0.518596 0.24915
1 0.345856 0.43275 0.221394
1 0.277147 0.415092 0.307761
0 0.37848 0.265019 0.356501
1 0.222883 0.51389 0.263226
1 0.250308 0.403272 0.34642
0 0.549159 0.292258 0.158583
1 0.339002 0.472693 0.188305
-1 0.17576 0.235071 0.589169
1 0.194608 0.598478 0.206914
-1 0.25231 0.300652 0.447038
0 0.373893 0.301718 0.32439
1 0.203206 0.573702 0.223092
0 0.510071 0.245258 0.24467
0 0.40165 0.39474 0.20361
0 0.439577 0.30447 0.255953
0 0.35132 0.334817 0.313863
-1 0.225795 0.298498 0.475706
1 0.376793 0.45622 0.166987
0 0.454049 0.342729 0.203223
-1 0.306682 0.307886 0.385432
1 0.274707 0.464952 0.260341
0 0.356879 0.33219 0.310931
1 0.352426 0.446606 0.200968
-1 0.219495 0.323665 0.45684
0 0.416078 0.328753 0.255168
1 0.188289 0.617915 0.193796
1 0.280064 0.368269 0.351667
1 0.30534 0.366393 0.328266
1 0.295606 0.472487 0.231907
1 0.170968 0.478674 0.350358
0 0.583685 0.210653 0.205662
-1 0.317675 0.31739 0.364935
0 0.38182 0.284667 0.333514
0 0.41931 0.395711 0.184979
1 0.246435 0.404096 0.349469
0 0.660773 0.233627 0.1056
-1 0.167933 0.268353 0.563714
1 0.368638 0.37766 0.253703
-1 0.202073 0.396987 0.40094
0 0.395858 0.366622 0.23752
-1 0.256122 0.200898 0.54298
1 0.283209 0.358486 0.358305
-1 0.282638 0.328883 0.388479
0 0.50596 0.230704 0.263336
1 0.236807 0.550324 0.212869
0 0.698802 0.193322 0.107875
1 0.364884 0.409112 0.226004
1 0.307478 0.386263 0.306259
0 0.576464 0.321875 0.10166
1 0.2111 0.472859 0.316041
-1 0.323251 0.182594 0.494155
1 0.123252 0.5952 0.281548
1 0.27396 0.394755 0.331286
1 0.315526 0.477007 0.207467
1 0.163652 0.483679 0.35267
0 0.413913 0.384521 0.201566
0 0.573985 0.31366 0.112356
1 0.380699 0.413883 0.205418
-1 0.408483 0.142114 0.449403
0 0.65465 0.169811 0.175539
1 0.278416 0.511679 0.209904
0 0.472488 0.370256 0.157256
0 0.384913 0.361882 0.253205
0 0.672327 0.190507 0.137166
0 0.566387 0.297947 0.135666
0 0.65867 0.184217 0.157113
0 0.625099 0.185012 0.189889
-1 0.270503 0.208688 0.520809
-1 0.299424 0.274028 0.426548
0 0.567429 0.309845 0.122726
0 0.748171 0.160746 0.091083
0 0.45203 0.174411 0.373559
0 0.866472 0.0743045 0.0592236
0 0.667673 0.211339 0.120988
0 0.449997 0.14417 0.405833
0 0.444285 0.222512 0.333203
-1 0.22418 0.30308 0.47274
0 0.426034 0.325676 0.24829
1 0.189182 0.557504 0.253314
0 0.386297 0.27676 0.336944
0 0.81869 0.156959 0.0243512
0 0.574337 0.204496 0.221166
-1 0.243506 0.106415 0.65008
0 0.524335 0.366166 0.109499
1 0.326077 0.352093 0.32183
0 0.647259 0.184169 0.168572
-1 0.189648 0.38399 0.426362
0 0.416107 0.231034 0.352859
-1 0.186994 0.298472 0.514534
0 0.43607 0.32673 0.237199
0 0.748518 0.176765 0.0747175
0 0.471501 0.239555 0.288944
0 0.707936 0.117452 0.174612
-1 0.315829 0.198713 0.485458
0 0.513556 0.259364 0.22708
-1 0.143685 0.260013 0.596303
0 0.393304 0.358995 0.247701
0 0.626907 0.249889 0.123204
0 0.582522 0.234401 0.183077
0 0.449756 0.20336 0.346884
-1 0.257948 0.311992 0.430061
-1 0.194488 0.379378 0.426134
-1 0.24377 0.220344 0.535886
1 0.14332 0.614276 0.242405
-1 0.255324 0.283918 0.460759
-1 0.29632 0.333003 0.370676
1 0.27156 0.408838 0.319601
1 0.33505 0.441883 0.223066
0 0.42081 0.23989 0.3393
1 0.224398 0.579291 0.196311
0 0.603723 0.248877 0.147399
0 0.499422 0.360561 0.140017
0 0.594703 0.203084 0.202213
-1 0.260847 0.289629 0.449523
-1 0.327326 0.225406 0.447268
1 0.0989858 0.713822 0.187192
0 0.70927 0.164822 0.125908
0 0.513797 0.366433 0.11977
0 0.482704 0.294712 0.222583
0 0.57249 0.0626429 0.364867
1 0.41257 0.452999 0.134432
0 0.582124 0.160013 0.257863
0 0.429173 0.359959 0.210868
0 0.590407 0.27495 0.134644
0 0.504776 0.269726 0.225497
-1 0.270547 0.3086 0.420853
0 0.446687 0.237346 0.315967
-1 0.322219 0.32039 0.357392
0 0.569128 0.268751 0.162121
1 0.329853 0.383802 0.286345
0 0.420427 0.279204 0.30037
0 0.525865 0.184327 0.289808
1 0.317114 0.362911 0.319975
-1 0.393525 0.206958 0.399517
1 0.403232 0.46208 0.134687
0 0.619235 0.272964 0.107801
0 0.811124 0.0807046 0.108172
0 0.640158 0.108535 0.251307
0 0.615364 0.237382 0.147254
0 0.726632 0.108581 0.164787
0 0.587589 0.35479 0.0576213
0 0.912586 0.0511309 0.0362835
